
214 125 167 159 123 219 78 54 30 99 45 248 140 19 115 0 80 86 106 186 238 240 43 5 178 11 239 189 141 49 87 51 100 148 1 144 89 33 155 112 132 223 3 71 23 92 176 169 162 17 187 91 120 149 32 143 127 98 109 231 198 34 95 163 252 72 9 60 96 81 40 26 215 165 202 44 175 27 75 255 181 13 35 164 216 185 68 251 61 76 145 56 16 97 24 83 208 220 59 237


206 160 110 88 201 220 170 154 148 129 230 98 208 104 233 217 231 181 100 109 175 239 221 29 94 149 138 44 8 167 125 192 3 240 14 238 173 216 4 67 152 252 106 2 60 34 207 65 156 155 105 214 143 126 218 203 80 55 90 75 113 13 111 195 63 35 46 117 119 118 190 200 38 123 161 93 198 25 164 108 82 33 15 242 23 244 30 122 222 78 147 12 70 112 182 1 54 142 151 205 68 81 102
64 151 137 182 86 94 84 77 205 7 120 228 191 163 176 71 242 45 195 35 49 212 81 50 250 170 235 187 146 127 44 168 142 167 165 23 197 62 103 122 14 2 240 31 115 97 27 52 66 93 100 149 153 114 60 46 63 251 236 67 158 5 154 202 252 48 113 226 148 58 105 213 53 139 101 70 245 0 186 24 92 254 218 224 214 96 1 196 194 104 117 141 123 172 204 181 192 74 222 65 6 147 171 116 3 56 178 102 215

166 32 147 33 203 64 58 120 119 62 36 254 76 19 183 154 6 216 218 204 125 233 139 153 37 38 251 35 107 46 44 223 199 20 27 156 21 224 231 228 170 68 214 67 161 181 192 92 177 229 171 140 176 39 91 167 15 114 4 95 29 126 102 110 137 94 116 142 61 195 70 182 128 101 80 215 86 197 74 253 65 45 208 49 85 16 230 157 7 105 194 212 51 59 135 34 226
123 3 237 150 107 225 172 40 76 16 57 191 15 50 105 246 125 141 154 4 63 10 121 82 209 33 59 169 196 212 47 220 124 7 180 193 148 203 29 159 213 247 202 32 164 98 99 73 51 231 65 168 96 112 242 138 232 38 142 93 137 210 200 44 174 25 186 129 61 204 234 183 179 157 80 89 188 224 54 88 115 120 252 35 83 66 68 110 119 114 173 95 201 67 226 184 160 42 48 97 2
142 41 95 44 115 221 117 189 35 28 197 78 255 9 32 120 36 92 104 54 131 132 145 22 174 166 101 190 130 86 202 137 47 94 170 240 139 169 247 161 178 207 55 81 33 103 252 42 156 65 29 228 19 176 128 6 68 159 4 198 61 141 199 66 96 39 165 205 180 123 93 177 195 206 118 73 23 83 149 5 11 129 58 173 227 88 222 52 148 164 121 24 236 108 82 100 114 31 20
25 70 201 240 65 87 194 56 193 247 146 106 234 124 59 105 17 170 41 109 63 117 20 120 91 138 40 156 165 0 217 31 3 19 205 119 147 190 248 137 116 184 130 143 246 176 148 9 161 223 135 42 232 198 225 53 128 132 242 94 253 163 149 235 155 97 33 159 8 140 86 7 77 125 28 16 79 18 162 5 236 2 158 95 111 164 144 216 177 92 172 187 52 218 188 252 64 66 169 75 154 200 243 23 103 51 241 62 73 254 102 15 84 34 13
7 88 89 123 52 200 135 237 15 111 63 14 192 86 37 12 156 191 167 208 198 131 19 55 222 9 3 252 141 220 174 59 216 231 251 30 238 99 20 60 107 36 165 54 71 125 85 153 209 42 32 145 109 160 157 21 136 128 133 154 17 229 194 186 27 56 254 130 151 44 144 18 98 223 121 49 146 197 50 161 188 122 10 202 34 113 66 195 116 247 137 210 103 105 225 26 93 189 108 84 29 101 16 62 233 184 112 204 100 39 163 206
20 134 101 208 103 13 82 47 106 54 50 128 1 221 107 39 143 215 160 23 73 196 55 64 210 252 15 69 22 158 60 74 151 163 3 27 115 63 176 26 166 116 180 242 191 12 228 222 255 94 250 246 153 157 167 67 239 85 230 65 154 89 5 241 87 52 177 253 245 168 201 43 29 161 71 44 147 34 18 140 240 145 212 188 122 68 17 136 14 219 227 36 207 0 118 206 144 225 138 181 98 76 46 66
74 87 197 244 224 47 239 155 61 202 157 14 154 145 103 0 20 91 118 56 45 151 194 13 3 32 203 101 68 169 130 33 43 107 210 6 89 190 219 254 28 137 126 66 147 19 73 199 120 248 185 201 15 172 78 182 232 175 200 178 134 142 204 82 93 116 21 153 40 127 238 173 34 176 211 235 140 220 25 110 168 129 198 241 108 60 253 225 181 152 113 112 217 143 212 26 174 177

18 218 188 112 6 85 102 95 23 61 131 123 195 31 185 148 233 34 168 17 181 155 229 87 178 242 189 33 125 20 173 12 240 204 215 177 56 81 2 98 58 217 146 200 48 174 44 147 220 190 103 27 133 213 99 89 162 165 37 22 248 16 116 166 55 29 191 14 19 250 72 110 86 254 237 117 231 142 79 46 179 101 140 68 113 62 65 208 54 108 11 51 67 159 93 77 21 39 25




3 225 40 172 91 237 202 107 191 82 105 154 150 44 196 193 15 123 10 179 138 209 142 76 121 47 52 168 210 238 148 169 33 173 246 186 205 181 174 141 114 97 159 200 133 232 189 73 160 83 233 125 217 245 19 53 171 63 231 7 59 32 68 129 139 220 151 16 112 224 253 218 96 119 17 242 115 29 61 74 48 38 95 26 206 234 240 187 212 149 156 235 161 42 8 37 66 127 98 93 147 56 25 132 175 109 2 152 167
44 142 169 117 95 6 32 55 78 190 41 35 159 221 28 177 197 252 36 130 103 131 199 132 127 62 7 104 149 47 119 137 141 33 83 63 205 156 166 65 88 126 139 174 251 222 22 29 157 198 247 180 118 37 61 113 207 24 66 212 57 94 189 123 211 23 39 154 240 178 108 202 54 122 214 73 120 233 175 164 255 2 158 19 46 165 133 96 140 148 48 11 86 91 209 82 128 244 18
87 25 70 201 193 194 106 65 122 124 40 56 59 42 146 170 156 20 109 210 234 102 135 188 105 148 137 33 160 125 120 0 78 150 198 246 19 77 161 248 50 242 243 216 117 63 18 147 233 41 138 130 9 144 94 223 3 163 5 140 16 159 187 17 185 195 13 149 128 184 7 97 177 143 91 100 64 169 6 75 220 199 36 79 192 225 247 119 49 8 154 168 241 58 4 176 208 167 90 255
135 7 86 88 200 19 9 34 167 37 111 157 63 222 254 231 252 71 123 136 251 208 220 14 59 112 80 165 55 172 15 108 192 131 89 233 128 32 188 85 204 238 21 209 30 60 36 3 20 216 146 129 161 56 137 198 174 109 155 153 141 206 62 33 144 18 194 159 2 142 107 133 191 70 145 184 154 110 91 66 99 156 237 118 151 158 243 162 168 163 189 40 27 247 195 202 16 180 93 164 13 78 113 219

197 87 56 61 47 224 244 74 157 118 0 155 239 20 130 78 101 203 103 13 3 45 68 107 137 14 145 210 182 154 168 177 26 254 33 202 153 198 43 152 147 211 117 190 134 169 91 186 194 40 206 35 140 116 146 104 238 204 120 93 135 6 248 172 63 221 192 181 97 25 185 71 21 17 110 129 142 66 234 241 100 82 121 167 132 235 178 253 173 232 143 220 5 225 193 151 73 236 2 19 22
226 144 160 242 149 50 66 197 49 105 30 17 53 137 46 236 171 52 103 91 214 64 224 187 215 244 57 9 155 68 128 181 195 106 204 20 147 80 229 6 196 230 132 159 28 191 95 148 124 250 90 220 203 188 153 102 29 129 209 182 81 51 142 107 165 54 40 180 161 167 190 21 157 232 16 146 211 63 37 210 113 249 7 119 79 61 87 205 92 136 140 111 45 58 237 150


198 149 64 71 37 167 170 126 115 215 156 27 35 54 186 19 9 73 144 39 221 245 77 20 91 116 171 127 150 4 164 21 207 10 110 225 25 119 111 213 243 46 248 62 96 155 203 0 97 78 34 253 112 57 88 103 26 216 142 209 69 70 172 72 95 11 87 219 18 38 233 242 175 157 214 104 60 160 165 168 124 246 76 244 143 121 250 102 230 141 129 106 86 197 42 228
82 116 209 18 163 46 195 138 134 192 220 108 20 13 57 92 130 143 141 24 219 105 129 127 167 181 230 51 99 37 237 27 60 151 217 253 137 250 6 254 122 132 32 153 43 128 112 66 229 38 88 113 252 48 94 11 69 61 111 203 31 15 44 148 235 160 52 133 135 155 97 232 71 234 187 175 121 213 164 196 120 42 104 177 246 73 98 75 179 86 215 159 89 54 156 255 206 241 87

27 78 205 218 26 229 191 143 92 28 132 189 93 163 183 120 180 227 145 58 57 248 100 146 178 144 66 231 209 12 130 123 69 117 9 109 6 97 168 160 105 20 202 11 255 63 249 173 85 235 154 238 128 113 25 208 157 19 211 10 17 33 166 200 153 1 162 41 165 158 230 213 75 95 2 104 116 141 172 169 185 99 198 244 37 125 49 247 246 139 192 98 112 71 219 149 245 159 252 181 150 90
235 191 208 176 64 127 60 167 250 254 252 153 19 44 8 54 133 136 150 207 108 125 109 213 29 145 140 62 162 47 61 158 198 249 234 102 233 46 155 218 56 24 35 88 181 2 75 49 131 222 68 203 138 26 227 41 188 174 17 225 84 110 189 101 182 103 149 220 34 27 4 170 130 161 137 73 187 113 197 23 209 214 90 192 223 5 18 39 51 77 185 36 71 22 0 14 129 92 16 126 196 177 206






