160 59 103 12 99 213 83 163 18 237 201 178 203 245 120 74 42 82 170 31 51 191 149 254 183 5 148 171 33 49 61 100 251 85 146 52 247 116 111 165 55 126 0 121 223 198 77 79 150 131 222 230 105 68 194 117 137 128 153 46 35 187 11 81 240 144 166 6 202 56 98 138 210 123 208 215 21 9 37 64 142 164 196 199 152 75 155 181 69 27 39 139 255 114 204 17 34 177 182 195 156 243 249 45 87 119 218 246 29 130 60 180 214 19 66 90 227 15 106 107 118 145 233 10 13 232 2 92 125 175 184 97 16 54 63 161 212 216 65 26 41 221 104
54 214 125 167 159 123 115 219 78 239 0 42 99 30 84 248 213 10 48 235 45 140 19 141 17 86 73 252 43 189 91 127 211 106 186 223 1 238 148 187 190 26 240 69 80 216 176 178 181 174 169 215 154 21 49 231 51 23 5 32 35 112 136 11 87 162 163 202 3 27 40 60 132 100 232 72 96 109 185 83 134 255 37 71 98 68 81 145 168 245 144 243 89 155 206 225 33 34 63 131 165 7 126 217 47 77 79 175 92 97 151 8 61 13 229 24 76 93 95 149 164 244 75 143 220 9 55 191 198 253 46 56 59 208 16 120 53 246 44 58 107 237 251
42 79 219 158 126 188 40 104 6 41 187 207 216 228 157 139 107 230 76 199 252 16 208 193 71 111 92 184 164 223 70 225 93 88 38 64 242 94 118 212 122 4 97 170 103 109 63 133 60 224 179 8 61 125 189 255 22 210 220 29 254 10 182 246 59 132 58 209 11 15 87 198 215 69 148 146 149 53 14 35 83 86 91 168 213 12 130 205 3 5 33 46 120 129 135 166 218 250 253 181 204 127 167 217 72 249 1 39 192 34 105 110 113 247 9 26 100 200 52 116 123 235 106 128 161 231 13 37 44 80 85 240 95 190 206 32 43 142 150 174 177 237 23
163 210 108 182 248 120 61 39 125 62 172 94 25 224 87 199 136 206 223 231 198 11 16 36 19 67 140 29 44 154 126 209 98 8 24 10 27 152 46 157 69 159 238 228 64 160 170 97 0 176 207 254 115 205 193 156 84 179 201 208 241 249 181 135 88 95 167 225 34 250 96 240 47 196 146 142 212 13 79 32 59 76 83 215 31 89 122 213 14 247 99 221 255 214 218 85 173 186 141 81 195 197 118 147 149 66 40 57 150 234 35 148 251 175 192 33 90 113 116 187 230 244 56 185 219 153 92 124 220 2 30 52 65 127 242 55 128 133 134 203 4 41 102
206 160 110 220 204 88 201 217 170 154 34 230 129 207 125 148 181 98 208 223 231 113 109 29 192 104 218 83 233 100 173 194 25 14 214 240 167 67 239 94 27 138 153 203 23 3 66 117 60 198 149 190 78 143 221 8 82 152 216 175 238 32 237 4 65 197 63 106 137 2 252 161 44 126 182 200 90 155 5 13 105 108 156 118 46 96 35 49 165 1 75 103 62 147 112 111 164 246 0 55 80 242 38 244 19 93 157 163 15 68 70 222 234 30 41 205 224 255 56 36 102 120 142 195 122 12 47 87 99 248 54 72 171 247 69 119 151 21 226 33 39 81 123
64 113 94 35 227 151 182 86 242 191 137 77 93 62 84 226 205 203 52 7 163 167 228 71 120 45 97 133 196 165 212 235 29 146 122 176 250 50 195 187 14 2 236 127 197 168 49 170 81 100 139 232 142 158 63 105 103 44 202 251 141 67 240 66 154 92 218 27 53 48 46 204 149 31 148 224 153 252 208 24 96 115 117 245 5 21 23 69 116 181 1 30 222 104 125 214 254 58 114 74 25 41 101 160 186 60 65 123 172 0 3 223 102 132 213 238 70 107 178 6 79 147 171 215 9 11 22 200 229 76 180 194 89 184 193 210 56 98 192 241 73 211 38
195 68 15 246 122 85 45 31 103 48 143 226 196 216 79 47 29 49 232 112 10 93 187 54 158 194 165 162 32 252 157 1 2 161 71 169 222 174 210 4 178 126 123 80 105 83 197 82 106 250 19 223 249 25 26 168 73 57 134 113 192 64 102 11 8 74 135 55 52 34 59 167 186 203 119 170 235 184 109 148 173 177 207 212 76 0 92 254 88 61 141 156 24 41 70 150 72 99 208 213 5 44 159 190 58 224 245 138 211 100 107 30 51 108 111 146 179 89 139 191 200 56 86 115 221 153 201 121 225 251 28 120 189 50 128 204 209 16 183 238 95 205 3
32 166 162 33 219 153 203 147 121 58 64 218 120 119 251 210 254 21 62 76 104 224 68 110 6 114 36 154 35 134 216 233 37 19 43 199 38 67 125 20 183 139 79 107 170 133 171 26 94 46 57 92 204 177 156 44 223 253 130 228 214 129 231 128 167 27 22 126 15 176 181 197 229 39 142 65 140 29 47 56 74 106 28 174 86 225 70 80 95 207 116 161 249 49 182 230 45 91 102 215 217 4 12 77 205 105 51 137 222 226 234 34 150 16 157 212 7 192 208 244 135 163 194 145 5 100 173 198 52 59 101 118 149 168 195 250 1 61 201 17 25 85 90
123 158 228 138 237 150 3 245 225 107 172 19 154 246 40 57 76 63 9 4 50 16 105 191 15 141 209 233 121 96 24 33 31 21 125 10 80 51 7 106 196 82 202 124 220 47 59 169 200 32 164 193 247 93 213 210 43 73 203 232 159 231 29 44 110 67 98 177 180 13 99 65 242 77 26 41 168 28 61 129 38 212 234 68 148 81 83 142 145 95 224 147 0 30 204 11 25 112 183 186 174 201 205 252 173 88 115 181 42 189 72 132 146 188 248 6 66 119 139 160 206 48 167 179 192 120 149 37 89 178 54 114 133 157 226 35 97 137 151 184 240 2 69
142 41 95 44 7 37 115 221 34 117 157 139 223 65 190 189 197 196 35 0 123 192 105 78 32 47 9 28 93 92 129 255 104 145 130 132 33 175 252 166 247 22 36 131 73 240 86 8 54 174 176 66 198 42 202 120 58 55 141 228 94 137 39 103 61 43 168 170 6 29 101 68 205 52 19 156 4 128 199 237 161 169 195 5 96 180 102 126 149 222 81 159 229 165 172 173 178 62 154 177 188 107 118 23 187 214 46 207 218 24 82 244 3 11 88 108 233 18 133 91 150 31 121 164 194 63 83 206 227 77 111 211 20 99 100 148 48 236 241 250 57 114 231
25 70 201 158 240 33 87 65 106 194 56 170 146 193 246 105 59 20 225 234 63 164 181 247 16 119 18 99 31 109 124 159 91 120 235 85 117 41 248 17 7 92 184 138 187 0 156 40 42 137 128 135 252 165 155 39 162 3 217 53 147 176 64 5 161 94 223 177 149 75 130 97 198 52 148 236 125 232 107 19 143 190 79 188 73 81 111 8 140 9 28 95 243 2 103 154 132 163 218 23 169 251 241 66 55 200 216 220 172 254 86 134 34 77 102 174 253 51 84 100 122 144 195 222 27 58 197 205 72 126 67 83 45 62 116 185 242 15 44 142 13 14 38
7 88 110 89 123 240 200 56 52 111 135 237 37 63 192 131 86 15 14 159 198 167 191 156 235 115 165 19 55 71 208 12 59 174 3 250 220 154 231 252 21 9 222 251 136 141 85 234 157 99 30 216 20 36 109 103 153 209 227 160 122 238 125 84 185 194 107 81 144 133 229 128 212 17 49 70 161 254 32 98 60 94 151 34 50 105 223 2 113 27 121 38 66 54 42 95 247 101 145 233 58 188 16 186 202 210 195 29 189 203 137 162 26 93 172 100 18 62 39 184 225 108 116 10 13 44 80 204 255 33 112 146 130 150 163 243 40 182 187 83 155 197 206
20 134 208 101 82 13 103 215 22 230 47 106 50 107 210 221 237 128 97 1 27 39 112 143 160 54 57 200 23 133 115 73 64 217 252 132 196 158 3 205 55 60 69 245 154 84 246 151 74 228 255 163 63 118 180 12 71 242 15 26 94 153 176 167 18 62 147 191 87 253 121 239 5 222 85 135 44 194 201 7 65 188 89 140 240 34 43 29 52 168 227 68 177 219 241 48 193 156 161 226 250 98 116 144 0 185 220 122 166 207 10 14 223 17 31 32 136 138 145 225 36 67 19 249 35 66 157 203 209 212 77 229 8 56 108 137 197 244 46 76 83 181 206
74 87 197 244 68 153 254 224 47 4 202 155 239 126 14 13 61 154 103 17 157 207 91 32 20 118 41 145 124 151 25 0 45 210 27 194 169 130 156 203 89 3 33 186 56 107 137 110 245 43 101 73 66 235 6 172 129 147 190 19 120 201 175 127 192 78 134 15 28 182 232 178 199 219 220 248 109 123 226 82 185 204 253 168 86 93 140 252 60 116 152 176 51 104 142 247 49 191 198 217 238 21 65 181 241 225 173 67 102 108 195 206 165 113 121 125 212 39 40 26 166 177 193 200 22 36 77 112 211 221 18 31 34 71 98 138 143 237 54 128 131 174 215
149 49 226 30 66 170 168 144 242 105 199 220 188 203 39 52 160 80 103 187 42 224 63 152 250 106 51 137 255 17 6 50 235 246 91 159 147 53 28 225 16 171 86 157 240 244 191 219 214 146 5 197 204 189 155 236 234 140 60 64 178 128 231 57 95 132 24 124 230 1 68 245 195 62 129 90 104 182 186 239 47 131 190 253 29 153 21 40 55 7 72 87 109 116 9 37 165 229 65 145 196 45 135 221 228 232 249 11 38 117 172 192 70 102 148 162 183 83 125 167 194 14 81 88 118 158 164 210 252 89 181 208 209 32 120 136 211 237 8 61 75 113 123
18 218 188 112 245 6 32 95 85 102 186 216 23 17 135 239 123 131 197 61 185 195 91 148 31 181 89 125 233 106 224 168 34 87 84 210 220 189 59 222 232 229 155 242 178 38 144 33 26 20 174 173 161 4 219 240 56 72 213 19 98 54 215 2 27 250 58 81 48 99 177 204 101 146 110 113 200 231 35 44 179 237 190 147 165 166 103 11 46 162 191 207 12 16 29 117 14 86 133 140 187 238 22 130 223 226 254 68 182 217 55 159 77 93 142 67 208 116 244 62 65 79 248 153 21 25 37 60 45 109 1 39 51 152 76 108 157 92 203 235 30 50 57
40 233 60 61 105 224 132 6 100 23 38 10 152 130 143 217 163 252 82 2 51 234 121 170 92 108 69 200 210 41 168 21 218 111 212 107 229 150 156 20 49 249 220 5 53 28 59 207 243 45 161 114 33 102 39 236 81 179 186 56 46 188 255 190 225 93 228 74 133 30 57 26 43 65 248 254 154 194 174 109 22 73 189 202 71 230 241 88 242 11 35 118 122 187 196 232 101 162 138 159 50 167 211 164 134 185 203 16 166 27 151 87 127 141 180 70 91 123 128 171 176 219 221 84 104 119 48 12 67 78 89 126 160 237 240 245 62 110 244 135 208 4 8
198 149 167 37 71 215 35 34 126 203 144 115 220 70 123 64 156 27 245 80 113 237 67 97 180 20 242 10 170 77 90 221 255 19 46 116 54 39 158 110 212 111 186 213 73 57 164 21 119 91 122 171 190 130 207 50 214 87 112 62 166 11 56 137 143 18 24 96 160 25 127 243 253 9 229 0 1 23 32 61 78 124 201 49 76 114 172 239 31 100 248 147 230 155 95 72 211 22 175 195 226 250 3 86 225 176 38 79 159 60 121 187 206 208 93 209 5 26 104 129 177 223 236 246 15 29 106 135 150 188 233 153 235 228 42 69 89 125 178 191 13 94 28
163 82 195 134 252 235 46 116 13 222 17 253 192 56 27 41 60 18 229 254 21 173 2 92 220 108 209 126 127 217 61 54 11 101 88 226 138 230 145 37 181 105 106 57 166 250 131 128 137 153 47 167 43 205 130 28 165 245 119 132 213 237 0 219 6 32 133 141 113 52 177 196 9 140 251 129 24 85 112 249 89 238 48 240 15 115 135 86 121 122 69 114 203 228 59 179 65 111 246 50 87 120 236 164 215 148 150 223 66 77 124 159 206 143 152 178 197 75 183 184 98 187 190 255 63 139 161 188 198 227 1 25 34 72 170 201 211 212 231 44 51 70 91
57 154 35 37 13 220 239 118 132 8 131 255 214 175 215 121 168 68 164 72 244 224 47 146 223 26 42 162 11 99 229 106 181 222 21 48 90 17 75 197 76 12 209 120 143 55 166 24 206 20 228 79 252 180 253 31 45 14 189 36 177 153 247 249 236 96 156 234 23 30 97 144 219 28 203 60 51 243 16 184 10 69 104 195 109 231 122 226 77 136 114 15 7 100 161 130 160 191 25 40 84 87 148 92 193 246 38 211 218 225 241 39 158 250 70 22 29 139 44 123 254 4 80 138 178 179 33 125 155 61 102 171 204 251 141 212 232 65 101 115 199 201 221
3 225 158 245 138 228 40 172 91 237 24 81 154 200 105 202 19 123 107 44 150 82 191 196 7 80 142 76 168 169 141 173 10 33 210 9 174 47 209 15 193 177 26 205 121 97 189 160 96 133 148 244 4 68 181 179 186 159 139 238 114 224 246 17 52 28 63 164 115 119 32 145 16 61 125 242 232 30 217 110 73 29 151 129 231 233 132 235 95 147 38 37 72 146 57 93 253 8 42 50 112 83 187 197 48 59 66 240 247 2 74 206 234 69 175 49 53 70 185 218 41 118 167 127 149 43 109 152 156 248 25 101 212 171 254 11 87 98 220 21 56 161 216
142 44 169 7 117 37 95 41 139 34 6 190 32 223 157 78 55 123 105 35 197 65 159 47 221 52 252 36 141 177 130 118 28 192 0 149 199 62 196 33 103 132 104 73 145 92 93 166 88 127 174 247 119 205 126 175 222 189 39 131 137 176 180 24 83 124 198 113 168 154 63 122 66 212 29 57 240 19 31 61 158 237 156 11 202 255 2 72 108 224 94 120 22 133 91 23 86 188 195 107 129 54 111 164 172 148 43 114 211 230 82 163 18 194 17 48 96 165 186 241 251 210 244 38 68 87 112 136 140 184 246 115 128 209 214 228 233 46 77 229 178 182 207
87 25 70 201 106 193 65 33 158 122 194 56 170 59 246 124 20 146 42 40 188 18 63 181 105 234 16 164 137 135 156 210 187 99 248 31 109 125 128 216 5 159 92 243 120 75 78 148 102 223 161 85 94 160 7 198 79 41 138 225 50 73 117 130 195 77 150 185 177 9 53 155 184 252 0 13 147 97 140 100 174 199 235 242 19 3 17 49 36 64 91 119 144 57 4 8 241 154 220 163 169 192 58 6 39 80 247 48 61 143 176 208 47 69 149 217 251 55 204 232 255 2 82 27 107 126 43 60 175 254 45 90 93 157 167 168 230 23 129 231 233 239 249
135 7 86 88 110 200 19 37 9 34 240 111 71 157 167 231 14 63 165 131 235 251 136 222 21 123 254 56 3 89 95 59 252 192 81 55 172 208 84 85 112 220 234 154 36 233 115 128 137 216 15 80 174 109 238 108 32 198 159 144 209 20 30 185 161 17 188 129 62 70 153 162 2 133 60 184 191 206 237 33 38 194 101 168 49 155 204 66 58 16 50 151 243 91 107 118 145 156 163 164 13 146 121 227 18 99 141 189 180 202 40 187 82 93 27 78 96 103 160 195 105 127 249 106 250 149 247 1 39 79 158 196 94 100 102 142 219 24 113 132 210 223 87
20 103 101 221 82 208 215 151 47 54 1 134 50 112 230 167 115 210 132 87 163 237 153 39 200 27 158 242 73 55 12 252 57 64 22 44 160 98 143 188 253 128 255 97 23 205 217 15 133 7 107 18 74 63 245 68 222 13 58 225 71 166 177 0 26 180 89 124 5 84 247 34 144 228 36 38 62 239 94 191 220 246 52 119 193 212 43 60 69 118 66 142 168 136 209 211 227 244 85 140 216 219 19 229 241 250 176 11 67 126 138 203 238 48 77 141 72 156 170 2 3 8 24 29 53 104 135 231 4 199 236 100 114 122 184 194 197 10 31 56 70 78 79
197 87 56 61 47 74 68 244 153 224 4 254 157 0 118 239 155 13 207 169 20 25 103 203 78 130 210 3 101 124 14 137 126 245 156 186 182 154 45 107 202 33 145 17 129 177 86 121 235 168 198 206 32 117 6 43 152 26 147 190 71 91 104 109 63 135 192 35 116 134 194 211 27 172 238 110 120 204 175 185 221 234 66 215 247 76 97 146 253 151 181 127 248 41 225 241 40 220 93 5 140 142 193 240 252 138 191 36 73 165 232 123 178 236 69 31 34 52 102 132 167 173 195 21 77 89 119 231 217 2 49 82 100 128 143 166 226 19 22 51 54 60 67
226 144 242 160 170 149 168 66 197 188 50 236 30 105 49 46 53 17 137 80 152 171 250 199 52 39 103 255 91 9 187 240 106 214 229 155 147 159 16 244 64 196 68 132 220 57 28 215 5 128 230 181 191 195 42 224 246 20 8 204 245 81 231 129 7 146 102 124 203 60 186 87 95 148 182 157 208 209 234 51 104 6 86 90 178 205 40 221 1 21 70 190 142 24 54 63 29 180 79 37 72 88 107 161 232 109 135 172 200 210 211 140 189 153 92 117 249 253 69 119 165 217 239 4 61 150 167 237 58 136 194 32 45 223 225 27 65 111 113 126 158 183 207
218 18 188 85 155 32 245 95 185 189 89 56 112 186 31 131 17 125 59 216 135 91 38 254 98 197 239 35 106 168 233 34 61 6 123 87 224 2 191 215 12 210 173 229 242 33 161 181 130 84 250 222 140 54 209 240 26 187 232 102 8 79 101 86 144 117 219 166 65 46 19 27 195 237 68 248 127 20 44 93 200 42 22 103 204 11 58 217 243 23 207 226 81 99 148 176 177 228 238 110 156 83 178 13 167 174 225 25 43 48 82 108 165 182 4 128 231 63 109 133 1 66 235 255 29 60 113 152 199 9 37 45 51 72 80 97 136 139 153 159 206 208 241
105 233 60 61 130 40 10 6 100 132 111 217 163 224 218 243 229 39 234 220 212 69 56 154 49 170 254 53 252 114 200 23 41 92 210 59 248 74 156 121 152 2 82 236 242 108 11 88 46 230 109 194 134 28 87 26 241 20 50 54 30 168 228 80 179 207 225 65 174 33 249 93 162 193 27 107 133 5 71 127 57 182 43 101 47 188 84 89 159 232 164 201 213 24 62 73 118 223 16 187 191 22 123 125 180 51 150 166 203 104 126 141 202 227 0 78 35 45 165 246 81 83 158 18 48 138 143 161 186 190 208 245 4 8 12 110 149 184 231 255 70 119 222
198 149 64 71 167 37 126 170 97 203 34 115 156 35 215 245 70 27 123 80 19 77 90 180 39 54 186 9 67 116 73 20 10 212 144 221 173 119 237 91 111 127 220 207 137 225 112 150 171 46 110 32 62 0 24 213 79 246 96 164 25 103 21 57 175 230 113 143 190 242 248 243 142 187 201 214 253 78 38 165 4 87 219 155 168 1 72 172 95 121 11 233 160 209 18 76 157 216 239 69 106 125 129 147 235 192 29 40 104 130 191 250 86 232 183 17 42 114 122 124 141 252 176 211 98 120 163 197 228 244 251 7 26 45 50 60 74 88 99 102 134 195 208
46 163 82 18 116 209 252 235 134 195 138 220 192 20 108 60 13 57 56 222 17 129 229 230 41 92 130 51 153 27 173 219 254 105 141 24 127 99 122 167 2 143 11 37 120 61 253 181 132 237 65 135 43 250 47 128 137 31 114 32 52 217 177 93 111 6 113 203 38 251 15 101 88 112 126 121 151 196 140 133 164 34 228 94 213 160 71 21 48 187 246 85 150 184 234 249 104 54 69 255 148 155 174 59 98 75 89 212 216 223 44 86 115 146 159 175 179 221 156 215 245 145 206 28 97 197 232 236 1 66 117 241 42 161 172 204 73 166 178 201 77 84 87
57 154 215 35 220 13 162 37 55 72 244 255 118 8 214 222 247 99 76 131 121 47 132 239 90 52 42 219 21 10 23 224 146 249 17 97 175 234 143 189 206 69 12 30 209 246 157 48 150 223 16 24 104 153 60 168 228 144 164 6 106 68 15 36 31 45 38 51 96 77 11 161 79 148 20 135 184 156 229 188 225 231 41 86 201 204 115 221 25 120 241 177 191 193 14 70 139 253 101 44 61 125 19 109 130 226 166 26 173 180 22 124 136 149 178 179 181 205 242 29 89 123 203 250 202 236 73 138 1 7 100 122 141 75 216 232 50 94 155 183 194 195 197
27 205 78 45 93 189 218 229 191 145 132 207 69 153 26 249 180 28 143 222 168 92 227 54 253 163 6 57 200 178 97 169 173 183 20 100 231 154 58 128 39 120 157 9 141 63 130 160 248 11 12 171 238 105 25 113 209 239 1 95 123 2 144 146 66 170 234 255 213 10 166 19 202 79 235 124 158 165 208 41 53 99 85 109 212 172 211 230 33 185 24 88 55 117 125 149 198 16 162 60 52 71 110 142 8 17 98 112 244 219 116 159 181 37 175 75 134 139 3 65 94 111 246 252 49 90 106 135 184 210 242 250 38 104 150 182 192 236 245 247 43 15 31
235 64 191 208 8 176 125 153 222 254 136 249 131 60 167 145 252 127 24 44 46 54 250 34 233 150 149 45 19 141 162 216 109 188 230 226 213 158 124 207 26 138 140 174 29 120 62 108 225 133 2 84 170 61 100 41 88 155 35 101 223 90 227 1 220 20 198 51 17 73 9 218 234 65 130 77 47 71 137 0 14 68 27 39 80 4 67 110 197 187 228 244 113 182 209 237 32 185 102 192 92 18 164 173 22 56 75 146 148 161 142 241 129 5 212 126 177 183 251 181 189 16 96 214 36 7 15 117 215 23 49 103 196 202 236 43 70 89 154 203 206 239 243
222 202 106 231 57 78 190 110 122 89 153 80 71 163 53 191 39 51 184 108 243 103 168 24 145 6 242 117 248 162 142 166 178 0 76 25 42 216 119 165 189 139 249 164 114 192 65 194 228 193 239 13 135 111 121 79 173 35 5 38 77 128 182 203 109 200 223 160 43 15 88 98 147 36 172 214 124 148 185 104 150 218 48 9 156 63 133 62 20 61 136 177 16 91 93 8 60 237 47 40 229 14 26 151 181 227 37 84 105 170 58 96 99 253 68 73 4 225 7 120 255 1 32 157 31 46 94 97 132 212 219 250 201 205 251 92 100 107 186 247 2 52 130
58 35 168 252 134 140 34 33 87 222 126 95 176 38 199 78 175 66 46 25 172 166 50 144 118 232 162 29 72 189 137 77 130 179 180 26 178 136 141 225 121 102 112 109 106 211 41 158 177 69 115 198 6 173 9 203 248 107 119 21 221 204 42 146 17 76 101 110 0 44 152 8 163 150 103 114 164 71 117 48 185 205 174 182 191 237 246 128 143 155 105 154 53 97 18 68 193 254 19 104 245 122 132 242 93 133 209 219 47 67 171 43 217 65 157 11 125 45 123 186 197 200 16 165 170 202 213 36 84 215 14 32 111 124 142 149 10 55 229 13 96 127 135
136 141 73 1 111 113 81 75 165 80 171 108 237 54 162 146 45 183 240 228 17 21 151 215 220 184 224 102 149 175 137 199 64 38 36 60 153 208 90 105 192 94 226 84 126 154 247 16 85 76 238 138 27 40 249 26 197 225 66 140 97 101 163 230 3 167 89 103 187 229 182 191 4 109 124 132 190 233 33 206 252 216 14 31 221 5 7 143 236 55 63 47 106 174 79 179 217 188 210 219 69 19 25 144 2 122 125 20 232 9 128 231 29 61 148 99 159 37 46 161 218 32 134 6 235 59 169 48 158 164 10 87 186 62 112 133 173 245 127 160 254 83 78
233 3 166 34 187 54 109 219 205 6 218 165 8 120 76 254 169 155 49 138 106 243 125 137 88 251 214 250 99 217 73 216 110 53 68 86 168 185 197 71 96 223 142 236 244 61 203 132 136 12 157 181 113 231 119 160 196 30 180 10 36 92 221 40 253 116 242 123 16 23 24 72 156 172 176 194 222 239 247 66 232 2 63 212 240 215 122 108 126 226 74 117 111 149 178 199 234 80 46 114 130 200 202 246 19 171 186 39 69 127 170 208 1 79 163 175 182 204 141 42 129 164 177 252 25 52 65 152 174 184 188 206 249 38 112 124 144 195 13 62 89 104 4
209 154 232 47 168 106 159 153 145 110 253 90 180 152 142 203 156 81 139 24 28 172 26 70 123 181 138 222 117 186 173 208 43 164 62 214 87 206 53 149 207 116 140 2 231 185 98 88 161 184 225 120 235 197 107 252 61 169 190 211 242 63 200 132 236 177 224 38 16 160 141 158 85 6 217 176 245 246 18 8 166 115 109 150 73 103 247 204 194 91 223 144 249 1 229 143 202 233 134 171 179 93 37 122 77 78 100 178 216 189 220 228 68 72 135 205 17 105 182 125 147 108 121 131 195 129 146 193 199 54 64 136 187 238 67 198 0 32 42 50 60 69 104
159 39 95 165 148 98 108 50 33 128 176 8 153 104 51 26 214 121 76 64 120 151 117 154 68 251 172 212 156 71 80 94 232 82 4 60 93 5 207 235 41 203 59 87 209 190 211 105 132 221 53 96 142 32 219 227 249 178 202 28 233 10 46 201 125 210 166 141 152 43 73 103 37 241 134 110 162 11 158 205 255 83 107 129 175 224 186 222 91 113 127 47 57 66 226 238 247 40 136 245 22 169 230 7 44 75 109 115 140 144 155 174 182 112 173 179 0 77 85 90 114 131 147 191 236 35 163 218 240 27 29 55 67 99 164 225 243 6 16 48 72 101 122
