160 83 59 103 163 213 99 201 237 245 120 203 191 33 170 18 246 254 42 74 126 139 223 39 64 85 77 164 119 251 82 149 195 54 171 0 125 9 121 153 221 114 243 247 37 128 230 49 51 34 61 117 105 138 79 2 17 184 81 111 137 150 35 56 130 146 157 212 218 65 75 165 145 148 63 177 188 118 202 208 215 227 27 41 48 68 108 176 196 255 46 183 217 16 44 100 104 187 45 70 87 172 232 29 133 144 175 182 13 26 91 123 233 249 22 161 189 242 58 62 88 224 235 8 40 110 180 204 231 234 36 47 67 78 86 94 214 89 141 152 168 222
214 125 167 159 219 78 123 30 45 54 99 140 106 238 19 115 248 86 240 0 33 200 239 216 60 55 3 144 24 51 72 76 143 149 164 61 68 46 71 83 178 186 215 185 9 109 208 252 32 127 89 91 92 100 120 202 43 75 58 163 251 52 64 126 181 1 5 47 95 132 148 151 21 35 63 145 175 182 220 255 8 11 29 34 176 187 27 73 150 165 171 197 90 152 168 231 243 7 26 84 113 180 228 10 17 28 37 39 97 108 155 162 198 229 237 36 38 59 146 177 203 206 232 56 65 147 174 179 201 40 53 69 80 93 131 2 23 44 77 118 188 246
42 79 219 188 40 41 6 104 126 187 157 216 139 91 207 158 170 208 118 63 133 71 88 223 148 93 182 37 230 122 228 8 184 254 33 83 225 116 175 199 7 66 70 113 11 123 224 229 249 55 82 92 102 107 137 36 155 161 166 181 204 213 252 60 117 143 147 150 189 212 240 5 14 15 61 86 90 97 136 190 197 242 250 12 29 47 110 129 206 243 244 3 24 32 35 69 85 99 168 215 220 235 4 9 27 54 65 78 109 119 128 141 153 183 191 196 218 2 31 38 43 51 62 72 84 87 94 120 132 160 176 185 201 205 247 255 64 74 77 95 96 106
163 210 108 182 248 61 39 87 62 206 224 44 126 94 172 157 205 29 201 8 136 24 154 231 181 67 96 69 115 120 125 193 196 0 46 95 52 198 208 197 36 238 64 209 241 152 25 88 141 170 215 47 81 122 160 195 211 32 185 250 13 99 16 212 58 34 155 203 221 79 116 83 110 142 204 57 168 173 35 97 149 2 6 51 78 207 66 86 11 18 27 56 59 63 128 129 247 251 220 245 40 70 74 80 171 232 20 33 49 82 98 135 218 3 71 90 106 131 175 180 192 213 255 4 31 43 84 85 91 123 137 167 187 188 189 242 243 254 5 7 9 17
206 160 110 88 170 220 201 129 29 143 100 208 230 104 231 106 109 138 181 126 239 125 233 218 252 2 148 4 117 240 216 217 93 149 35 111 238 200 3 190 1 60 173 34 80 51 155 46 94 98 8 169 205 38 105 147 156 30 116 175 90 137 152 25 194 15 157 6 140 198 63 70 82 36 55 164 177 12 28 37 68 113 192 226 52 75 151 167 71 74 207 24 49 96 103 108 122 203 204 241 11 165 44 73 87 153 179 229 10 78 146 197 212 214 235 246 43 50 92 114 158 161 178 182 249 13 16 83 99 119 127 136 141 166 180 185 191 247 251 0 14 23
64 176 86 137 84 163 182 240 228 94 195 50 7 205 168 49 35 167 45 53 71 146 187 191 170 44 120 149 212 242 103 96 127 97 63 101 154 46 2 27 52 81 5 1 24 66 93 14 197 48 142 148 226 105 125 153 139 92 74 254 31 22 192 236 108 245 70 100 141 184 102 196 252 114 222 113 28 6 117 165 202 253 67 235 23 60 181 213 232 185 65 3 38 128 133 178 223 76 152 175 58 107 144 171 219 11 68 75 77 79 116 169 19 115 123 157 204 211 221 249 18 69 129 210 214 238 8 83 99 136 172 180 225 241 25 33 54 55 62 87 89 138
195 68 246 122 15 31 226 143 165 10 29 47 222 112 210 71 169 216 26 4 73 25 249 105 80 57 113 109 83 170 44 121 45 208 148 159 8 134 162 254 51 99 135 173 34 58 72 223 0 88 120 150 30 194 251 82 126 128 224 245 50 106 177 184 201 48 74 174 192 197 1 2 92 228 115 158 168 213 154 187 189 204 255 64 131 3 95 108 117 146 161 6 32 70 141 200 203 238 37 123 132 156 172 235 237 59 67 87 114 178 205 207 241 5 36 49 85 100 103 136 157 175 221 11 76 86 102 191 202 218 232 252 17 18 38 39 69 84 93 104 116 138
32 166 58 120 203 33 64 233 19 231 107 62 119 156 183 147 125 139 80 204 254 218 6 46 216 154 67 153 223 37 251 27 140 20 215 21 224 94 114 45 74 170 126 68 15 16 205 226 39 95 229 57 86 92 207 35 70 137 167 230 106 161 219 177 26 122 4 102 134 197 51 59 65 118 157 1 50 105 128 217 71 182 208 36 160 228 7 17 60 85 34 56 100 129 162 175 61 78 101 110 164 201 212 243 49 172 253 93 135 150 152 163 185 194 214 234 239 240 244 248 5 31 77 168 184 220 235 250 24 25 28 30 43 84 99 115 117 123 138 146 149 190
123 237 3 150 57 76 225 40 172 125 16 246 50 32 141 82 169 154 98 63 105 210 203 10 15 124 196 51 188 202 99 73 93 44 59 191 7 96 209 232 66 179 231 47 115 183 193 25 65 142 38 173 213 48 95 137 200 138 174 29 42 72 129 133 97 118 218 2 233 146 159 168 204 68 107 167 252 28 61 91 148 184 186 187 242 26 119 120 247 87 109 132 206 58 60 67 85 112 190 192 228 23 24 69 74 114 145 157 160 177 181 220 13 19 43 77 101 128 156 207 208 222 243 253 0 1 4 37 46 49 62 88 110 122 162 176 189 195 198 230 240 6
142 41 44 115 221 95 117 130 28 35 78 189 195 54 92 104 228 169 159 42 83 145 170 36 176 128 9 149 141 199 190 65 255 202 168 222 33 58 177 205 139 173 55 247 252 93 174 81 166 227 66 86 154 137 240 4 129 180 96 114 6 23 68 156 186 18 103 234 11 82 118 123 19 61 121 148 178 225 20 22 241 45 88 165 188 229 31 32 101 175 197 244 56 161 5 15 17 24 47 52 57 91 157 192 207 37 43 48 51 62 73 215 77 124 132 183 216 223 231 236 0 2 38 69 100 108 182 193 211 239 254 26 133 150 158 160 187 201 204 220 237 250
70 25 201 240 87 56 65 194 120 193 17 59 106 177 156 170 217 138 28 105 135 2 162 0 147 117 184 79 236 41 3 155 132 148 190 91 149 223 20 19 188 128 143 165 94 97 33 42 225 95 125 140 159 31 119 18 75 246 64 164 92 134 51 220 16 158 7 84 109 53 66 52 58 77 172 15 146 27 67 81 99 102 126 150 200 207 232 235 243 254 36 86 103 174 181 222 241 8 73 107 111 250 30 34 45 61 72 108 251 4 9 24 38 116 124 137 197 198 248 13 14 39 55 83 163 171 187 199 215 35 63 88 100 112 118 154 169 175 178 179 183 203
7 88 123 89 200 237 52 135 63 192 15 86 156 208 191 198 167 55 12 30 14 19 9 131 141 252 125 60 99 251 32 16 21 165 37 209 121 105 231 254 157 144 229 50 109 154 34 210 233 243 44 71 110 160 223 10 113 172 188 247 29 33 66 100 112 222 225 17 161 39 85 122 184 216 49 153 81 91 128 155 13 26 80 139 94 150 151 179 227 235 79 103 163 180 186 206 234 2 27 31 170 197 240 249 3 54 62 76 96 124 143 147 158 159 166 215 230 250 36 40 41 56 68 93 97 101 106 114 145 226 242 255 1 23 46 47 72 78 84 116 117 120
20 134 101 208 13 103 47 106 82 143 221 54 23 64 107 151 215 196 163 55 158 69 73 1 60 22 27 176 252 52 85 188 153 177 240 167 94 89 154 241 140 253 14 5 34 161 180 250 246 0 201 210 245 18 46 87 122 227 44 225 239 17 76 145 147 168 193 207 230 255 29 36 66 98 133 178 181 72 136 206 217 251 19 43 58 71 83 108 121 173 231 237 244 30 74 95 97 159 204 219 236 6 21 40 92 96 111 118 137 138 156 170 195 198 224 226 4 12 24 32 68 77 114 115 123 124 139 141 149 165 186 199 200 202 216 228 31 42 48 50 51 65
74 87 197 244 224 14 155 239 157 202 91 145 61 103 107 20 118 151 3 32 56 45 89 203 101 194 169 190 172 73 120 185 232 201 68 93 254 66 178 248 182 204 126 238 241 78 220 102 108 176 199 60 173 217 65 152 225 49 235 253 110 79 104 165 186 255 36 75 175 193 198 237 252 59 71 105 117 127 129 166 174 205 206 207 4 8 17 25 51 98 180 181 212 27 82 83 146 150 177 196 246 16 18 26 34 35 47 52 67 70 80 106 114 119 122 123 124 125 131 132 133 138 143 147 153 159 161 167 221 231 234 249 7 11 31 39 42 46 53 69 85 121
149 226 30 49 66 144 203 242 220 187 105 63 103 236 6 28 53 214 62 91 197 140 225 47 17 204 244 191 57 230 104 68 50 80 165 37 239 90 117 162 164 253 129 234 116 229 125 128 189 232 29 45 55 135 240 109 182 195 205 79 95 102 113 137 145 160 107 196 11 60 180 181 255 69 172 202 5 21 26 39 40 61 65 67 119 148 158 190 194 210 215 237 245 14 16 24 64 70 73 98 111 112 120 123 132 136 154 159 175 177 183 188 199 209 211 212 217 231 235 249 250 4 7 9 13 22 25 32 34 36 48 54 58 87 94 106 126 130 138 141 152 157
218 18 188 6 112 85 102 23 95 185 131 195 61 123 168 31 155 56 229 34 20 17 33 178 189 98 173 87 125 2 44 174 29 215 16 48 148 27 72 89 12 55 237 244 11 68 22 46 99 14 67 147 86 117 93 179 191 254 19 108 240 21 25 190 204 58 103 133 142 208 224 45 140 203 42 116 141 156 170 182 231 235 50 74 92 110 114 157 250 35 51 65 113 159 176 207 219 227 238 242 0 1 43 63 128 134 216 221 225 47 54 80 82 152 167 196 199 200 210 217 247 255 3 4 26 32 38 66 75 76 77 91 100 106 119 124 136 144 150 161 163 177
40 60 233 61 105 23 38 10 163 143 217 130 229 41 92 107 93 111 21 210 218 220 39 109 49 236 202 57 225 200 69 134 254 50 51 56 88 174 65 159 100 114 154 164 81 230 20 132 171 228 11 70 104 242 16 35 166 203 43 189 252 87 91 117 160 187 119 127 141 255 133 155 162 194 208 232 245 13 22 28 36 48 84 89 126 184 215 244 2 6 37 46 59 78 101 118 124 129 138 140 144 152 153 176 186 190 204 207 212 222 234 0 1 3 4 5 7 8 9 12 14 15 17 18 19 24 25 26 27 29 30 31 32 33 34 42 44 45 47 52 53 54
149 198 71 167 37 215 126 144 35 27 156 170 77 64 245 10 221 46 54 171 186 164 39 111 160 19 1 116 127 91 22 72 25 18 97 207 11 96 38 253 175 49 9 206 100 233 95 112 143 243 80 223 137 155 0 211 228 89 235 29 42 86 121 129 176 237 26 57 70 76 110 209 212 248 44 98 150 153 192 208 219 4 13 24 51 58 73 82 94 106 125 136 140 146 174 180 183 213 224 226 234 246 252 254 5 17 20 32 40 45 67 68 87 92 101 104 107 130 131 133 157 159 161 163 165 181 182 184 189 197 241 2 3 6 7 8 12 14 15 16 21 23
82 163 195 134 116 46 217 54 253 220 127 13 18 88 92 108 209 27 254 145 138 230 213 132 43 137 37 113 181 245 105 133 141 249 24 166 32 86 167 196 15 153 60 229 240 14 61 85 130 48 89 98 120 237 87 129 203 223 6 111 177 34 131 139 59 219 42 122 152 165 238 70 246 251 255 206 235 101 170 241 39 91 117 121 183 252 47 51 75 106 157 199 201 207 0 31 83 124 126 160 164 198 1 2 8 9 41 49 52 69 77 95 112 118 119 125 155 168 178 215 216 236 250 3 4 7 23 25 36 44 93 94 100 104 114 156 161 174 190 210 212 227
57 154 35 37 239 132 118 164 121 215 11 99 220 166 214 222 72 21 24 209 143 79 224 153 231 206 90 156 180 17 69 55 144 244 195 203 247 60 234 184 16 44 122 76 97 40 104 219 22 96 243 162 15 101 138 87 141 251 36 246 7 13 238 23 45 139 193 225 250 89 191 208 29 66 148 168 235 52 64 92 100 174 178 204 212 213 10 20 31 83 115 123 150 158 163 201 232 33 80 84 179 223 241 19 42 61 125 133 170 176 188 245 25 65 110 131 189 196 200 202 221 226 1 8 38 41 47 77 86 91 102 107 113 114 119 137 142 182 207 216 230 255
3 225 40 91 172 237 202 82 123 76 150 154 44 169 105 196 210 141 193 15 133 179 181 50 209 10 125 138 148 142 238 63 186 253 32 97 173 16 168 174 217 66 93 74 8 101 188 218 240 129 156 26 95 119 139 160 232 233 73 167 189 187 200 235 48 175 245 231 246 114 17 37 57 118 197 19 59 132 151 177 71 1 25 38 58 109 206 221 29 60 99 136 147 205 228 117 159 191 230 45 146 149 195 248 2 47 87 96 100 127 137 223 41 43 53 62 67 72 192 203 222 251 0 7 70 124 143 152 171 236 241 46 61 81 98 131 145 153 161 254 5 11
142 44 169 117 6 78 130 199 159 41 95 190 221 28 55 35 177 141 149 252 83 166 62 104 137 103 205 247 88 36 127 33 139 154 63 176 180 57 65 66 211 54 118 174 175 202 222 18 189 37 123 140 195 251 82 91 7 24 156 186 133 158 168 56 108 165 31 32 48 128 182 209 241 244 17 61 215 2 23 124 125 148 167 188 201 228 115 129 239 113 114 121 207 212 216 234 254 11 19 47 77 92 112 143 173 197 229 240 43 73 162 0 1 4 38 51 52 76 81 111 163 172 250 255 72 86 119 122 171 184 204 219 225 46 135 152 160 164 178 193 220 233
87 25 70 193 201 194 106 65 56 59 102 135 42 188 156 120 170 210 177 33 20 105 147 148 19 78 6 117 184 97 41 50 125 243 18 77 195 13 61 225 149 16 64 138 79 94 36 109 143 223 2 128 217 58 100 144 150 192 220 75 49 241 17 28 140 174 190 199 0 204 247 254 255 3 4 55 74 99 124 172 185 15 38 44 47 60 67 69 71 82 93 108 126 137 208 29 91 164 203 211 248 27 30 37 46 84 90 123 145 146 159 175 187 198 212 219 231 8 22 31 35 51 53 66 73 92 112 119 133 151 155 158 176 182 200 213 214 230 246 7 21 43
135 7 88 86 200 19 9 34 167 63 123 254 157 112 192 208 252 172 55 129 89 251 30 137 198 131 165 233 32 21 60 15 71 105 243 33 209 99 191 16 144 231 237 109 37 128 163 188 155 184 141 118 91 85 100 136 177 110 206 219 14 81 108 168 13 40 113 121 154 156 222 210 56 102 223 39 50 62 78 132 139 180 227 230 247 1 52 146 161 176 226 25 26 28 31 46 79 87 125 152 179 187 197 234 24 41 58 66 72 75 76 93 96 117 151 158 196 204 213 235 246 3 4 5 12 27 29 43 45 49 68 103 104 107 116 145 147 160 166 178 186 189
20 103 101 221 151 47 54 134 82 208 167 153 163 22 158 143 64 215 23 107 73 27 252 177 253 1 13 44 188 115 55 36 89 94 0 52 87 124 140 176 58 66 5 34 246 18 168 247 98 193 250 170 210 227 255 29 136 180 230 245 69 194 224 239 241 251 72 135 173 229 231 236 240 85 159 235 14 46 48 83 100 112 123 162 226 228 6 40 62 74 78 88 90 91 96 108 111 121 125 133 141 145 150 200 204 219 244 4 17 21 24 30 53 60 75 76 93 122 139 161 172 181 195 216 8 19 37 49 51 61 63 92 95 114 116 117 127 146 147 152 156 165
197 87 56 61 224 244 157 74 118 239 155 3 20 14 103 78 203 107 135 45 68 145 177 190 26 202 91 117 182 254 120 186 206 172 71 146 152 198 204 238 248 253 194 169 25 47 93 185 17 35 153 173 181 220 178 36 102 241 64 69 110 205 213 234 7 49 105 207 208 217 225 246 252 73 75 82 201 221 249 27 39 65 66 80 83 126 128 133 138 193 232 242 243 4 31 32 40 52 60 85 98 101 129 132 143 212 231 235 53 54 59 79 119 122 125 136 151 165 166 167 236 255 8 11 12 18 24 46 67 86 88 89 95 96 121 134 147 150 164 174 175 180
226 144 242 149 66 50 197 49 30 53 236 105 160 17 187 46 214 103 215 91 195 57 181 244 230 28 191 68 204 9 80 128 90 102 165 229 107 129 220 37 117 135 209 29 113 159 79 140 145 182 250 232 6 109 162 64 111 210 237 239 61 87 142 205 94 132 253 21 24 45 81 104 148 36 95 126 152 202 245 20 63 154 190 255 4 11 27 34 69 70 98 136 157 158 172 188 199 208 225 249 5 13 26 32 54 55 65 119 120 137 167 170 183 189 212 231 240 246 7 8 22 39 47 58 60 62 78 100 106 121 122 125 141 156 169 198 211 217 221 228 0 10
218 18 188 85 155 56 189 185 95 112 31 131 6 98 254 215 173 34 191 33 89 229 195 87 125 102 2 12 27 178 22 44 242 20 46 68 61 168 19 93 123 11 140 17 25 86 161 170 176 23 67 174 203 237 14 16 48 108 1 128 231 182 222 224 43 117 152 209 21 42 99 114 156 190 204 113 133 148 167 219 38 74 79 80 82 103 187 205 235 238 243 50 63 65 134 144 186 201 216 51 53 78 83 91 124 142 147 207 208 211 223 225 250 3 5 47 54 58 59 69 75 92 109 135 141 179 196 200 220 221 226 230 240 247 4 7 9 29 30 32 35 45
105 233 60 40 61 10 218 163 39 130 217 111 229 254 220 41 234 92 23 236 210 49 114 11 109 200 59 212 56 132 88 225 242 50 194 65 87 100 164 104 93 159 187 208 74 158 202 35 46 117 143 179 248 57 134 140 222 84 174 244 18 21 81 107 113 141 171 184 214 129 201 230 16 19 70 83 91 126 155 180 227 232 241 255 30 34 44 51 52 62 79 89 153 160 166 186 238 245 252 14 17 27 29 36 43 67 78 80 101 110 125 127 131 133 135 137 145 152 154 172 204 209 213 221 228 240 253 0 1 2 3 4 5 6 7 8 9 12 13 15 20 22
198 149 71 167 37 64 215 170 126 27 156 35 144 186 54 245 77 127 9 39 221 171 73 116 25 207 91 164 46 72 111 175 10 97 0 160 95 96 253 38 243 209 4 112 213 219 233 11 121 203 216 19 237 1 168 192 228 70 137 143 78 176 197 232 239 18 40 42 114 180 212 226 22 29 104 129 248 254 13 23 58 67 80 82 86 87 140 155 157 162 189 224 227 244 7 20 31 32 34 45 49 55 57 89 100 106 123 125 133 136 174 181 211 231 235 240 246 251 252 2 5 17 44 48 76 92 98 101 107 108 109 113 117 135 138 142 146 153 154 163 165 183
82 209 116 18 163 195 46 138 20 220 134 108 13 57 92 51 130 27 141 127 230 132 137 219 167 217 253 237 37 32 254 24 54 113 181 15 229 129 42 43 98 234 105 88 48 213 61 104 153 164 6 111 133 246 249 86 87 203 241 101 252 121 99 120 235 196 223 60 70 85 95 150 157 245 38 152 206 215 255 31 122 145 247 1 8 89 183 193 146 156 175 185 198 14 75 155 168 178 233 0 25 36 47 53 65 77 80 176 177 184 212 228 240 2 7 56 72 94 125 140 160 174 182 201 214 243 3 4 9 21 23 29 35 41 49 73 81 83 91 93 103 106
57 154 215 37 55 35 118 162 214 220 222 239 72 99 247 244 219 21 90 121 97 69 76 60 206 209 164 143 150 132 17 157 234 23 224 156 52 144 184 11 246 44 68 79 139 231 61 225 15 16 101 208 24 89 173 255 22 141 180 203 10 31 47 93 223 29 64 100 122 125 174 179 245 250 20 26 45 84 115 166 216 241 7 8 13 25 36 80 92 133 148 188 202 221 238 251 19 40 65 73 83 87 96 116 119 136 142 160 178 191 193 195 196 198 204 235 66 75 77 110 138 158 168 182 230 232 5 28 30 46 53 62 137 153 161 163 165 167 172 212 213 227
27 205 78 218 191 143 26 229 180 28 92 93 183 163 189 100 248 132 227 120 130 9 97 168 145 105 69 160 58 144 231 20 165 209 66 25 255 10 11 19 109 249 63 154 166 95 1 153 202 41 128 146 88 208 211 12 123 157 200 235 3 172 244 213 162 198 73 79 2 139 141 149 169 117 182 53 54 85 104 253 230 38 49 222 94 112 219 60 110 71 116 204 233 239 242 252 0 30 90 203 210 220 250 8 37 75 80 106 115 171 181 216 232 241 5 24 35 55 81 103 124 135 137 170 175 184 4 13 36 43 45 65 67 72 101 119 121 126 133 134 136 161
235 191 176 208 167 254 250 252 64 60 19 44 153 207 8 150 140 125 218 213 54 109 29 62 88 2 108 61 155 174 222 24 127 145 17 35 131 233 133 187 51 227 234 26 46 77 101 198 170 138 158 188 220 249 47 185 68 110 149 223 90 228 22 181 197 34 4 225 209 113 130 141 182 230 27 137 251 0 96 106 237 56 189 92 102 161 48 5 10 18 196 212 226 14 55 70 71 73 89 115 164 82 146 171 7 20 75 129 144 177 206 244 45 83 103 154 173 243 160 169 246 15 32 36 37 43 52 67 87 91 105 112 117 124 159 180 203 210 229 255 39 59
222 202 231 57 191 122 80 168 243 184 163 153 24 162 78 0 6 108 13 190 194 42 89 249 164 121 25 216 109 203 106 192 65 110 165 147 242 53 51 223 142 103 117 128 172 77 160 182 38 48 5 150 139 214 218 36 15 136 76 185 14 63 104 31 39 135 71 98 114 4 37 133 91 93 151 177 227 181 68 7 20 79 119 255 66 111 169 178 186 205 250 40 132 157 8 26 92 154 248 9 193 201 219 225 244 251 254 2 32 49 75 100 105 167 226 239 73 86 88 90 198 209 210 212 228 235 12 23 27 30 41 58 59 61 74 85 120 146 158 170 183 200
58 35 34 95 252 176 199 78 232 38 87 172 46 189 66 77 179 130 180 29 121 72 106 69 136 137 112 221 141 9 222 166 173 25 118 41 44 48 122 211 119 8 209 17 163 101 114 0 42 178 185 18 128 146 26 105 155 67 154 117 174 225 124 171 198 168 191 93 107 157 182 143 245 6 11 82 134 162 16 188 246 53 104 135 152 165 193 88 123 183 24 32 63 111 184 215 21 68 70 98 132 200 233 248 45 73 96 97 126 131 156 175 204 219 230 13 27 43 71 90 127 140 142 159 201 216 47 55 65 89 103 110 115 197 206 1 4 7 19 22 36 37
136 141 1 73 75 81 21 17 228 192 151 171 45 80 64 54 140 220 94 183 149 85 101 138 36 47 153 60 191 230 40 240 26 102 163 215 5 126 167 238 16 3 224 111 134 187 144 182 79 99 89 109 208 226 103 128 233 7 14 31 27 252 97 105 61 69 87 125 232 4 9 55 66 133 148 188 209 37 59 124 143 159 164 237 76 146 154 225 231 29 32 48 62 106 214 2 19 78 160 217 236 63 65 137 213 234 255 20 93 108 25 28 38 71 178 245 30 33 123 127 150 162 169 222 242 10 50 113 173 175 177 180 204 41 43 51 53 57 86 92 95 112
233 3 34 166 109 218 165 138 205 137 243 214 219 76 110 132 53 73 86 185 88 244 12 16 99 2 66 254 61 187 181 49 119 194 196 180 215 239 242 178 19 92 123 46 122 63 96 212 74 116 160 30 156 170 208 232 80 126 171 129 186 68 149 176 240 250 251 111 117 206 1 56 72 195 127 226 39 144 177 52 125 246 8 54 62 77 106 120 128 169 184 231 6 10 20 134 163 189 5 17 23 25 38 59 69 100 108 130 131 133 136 152 179 197 213 216 222 238 13 14 18 24 28 33 40 42 55 70 79 85 89 113 118 124 145 148 150 164 168 173 175 182
209 154 232 106 47 168 28 156 24 140 43 81 197 139 222 149 185 70 87 88 141 231 109 235 161 98 100 181 142 252 120 164 242 18 63 90 73 217 158 200 202 93 144 206 243 236 16 60 17 159 225 72 78 186 143 147 8 233 245 91 132 177 179 211 220 68 77 134 150 31 125 194 96 67 105 112 115 117 121 122 138 176 190 204 249 62 110 64 131 182 10 85 160 173 195 216 35 55 171 172 193 207 229 238 6 37 50 246 19 36 108 135 166 169 247 45 107 151 198 218 237 54 69 123 124 129 133 145 180 183 196 203 228 254 2 3 11 20 21 25 26 27
39 159 98 108 95 176 148 8 186 5 68 80 128 251 227 50 129 209 219 154 214 96 235 203 249 60 142 211 132 169 87 93 201 26 151 32 41 212 178 141 144 205 53 255 11 105 241 83 109 57 67 37 46 120 136 153 165 218 47 82 134 162 226 247 110 127 230 233 40 66 131 152 221 224 4 27 133 175 163 166 223 24 25 33 91 101 139 140 156 172 240 0 14 19 48 64 81 90 104 112 118 164 195 202 245 6 29 55 56 73 76 89 100 107 113 126 137 155 174 181 191 194 198 210 225 232 238 243 3 9 15 28 35 42 45 52 70 71 75 79 102 103
