160 83 59 99 163 103 62 213 237 201 211 138 18 75 170 120 33 85 203 245 171 254 82 231 42 128 56 191 150 49 223 144 124 232 117 78 233 136 39 92 134 153 188 111 165 77 172 36 0 105 74 13 149 247 251 37 174 234 2 123 159 126 34 110 41 65 157 241 68 70 164 137 246 64 9 119 187 218 226 96 106 146 127 139 177 212 240 227 11 91 51 121 221 17 50 54 89 210 22 46 29 48 66 125 107 116 40 69 185 84 97 175 72 114 79 93 16 249 145 6 166 196 113 142 184 202 250 63 86 195 230 242 14 181 220 176 20 45 205 215 26 32 52
214 125 167 159 193 123 219 14 78 54 45 254 30 248 99 33 165 140 80 115 19 198 5 51 186 86 0 43 166 11 101 106 238 206 44 163 132 239 120 81 87 98 170 109 144 22 143 162 66 95 189 100 60 89 92 222 230 71 34 112 141 155 255 240 195 49 135 149 183 72 178 169 13 176 251 3 127 133 234 250 75 96 26 40 148 231 23 27 32 64 181 215 164 182 223 1 153 197 9 76 126 171 187 6 12 29 35 97 185 232 59 236 243 37 24 205 216 61 200 21 175 229 52 68 83 208 17 237 252 56 134 145 220 91 151 150 202 221 247 2 16 63 226
42 79 219 158 6 188 104 40 126 41 187 157 216 207 139 208 150 193 63 3 108 92 83 118 182 131 16 250 170 253 71 56 122 76 164 35 228 107 10 110 235 148 239 252 39 169 192 120 201 240 143 115 249 89 238 5 9 77 146 223 133 230 212 254 125 175 33 60 80 84 229 91 121 59 93 96 22 129 221 88 225 17 37 106 159 166 103 161 179 183 184 198 209 242 90 204 94 210 13 58 62 100 149 243 36 66 236 51 75 113 181 215 224 189 213 38 127 163 199 232 255 7 116 20 86 137 241 11 23 81 200 64 87 105 111 152 178 4 55 128 2 142 211
163 210 201 108 22 248 251 154 94 25 196 39 199 87 61 126 182 197 69 136 224 62 23 46 231 2 206 157 44 228 172 8 6 188 36 243 170 29 92 9 27 205 149 152 198 118 155 221 159 225 11 64 76 116 238 95 250 167 31 67 88 141 208 211 24 53 16 160 166 241 37 83 97 113 125 209 51 75 171 0 14 195 45 146 153 47 52 98 249 150 173 120 181 212 34 20 42 193 194 215 96 119 135 200 55 56 58 216 79 240 35 70 100 162 187 84 99 115 15 133 179 204 32 148 236 105 122 128 191 214 81 112 30 132 203 91 109 217 50 218 85 111 147
206 160 152 110 88 189 170 201 175 220 134 253 129 148 154 233 230 239 100 208 44 98 38 104 221 231 149 181 8 197 216 138 94 217 133 109 90 252 106 167 238 228 155 3 4 2 214 119 139 173 123 240 116 156 172 195 14 105 36 164 55 63 60 67 143 254 126 192 65 80 122 29 46 243 125 35 30 6 70 215 13 71 103 118 108 200 34 75 242 12 111 161 180 184 93 112 15 218 222 79 157 190 25 198 203 113 89 147 17 142 37 74 82 205 49 244 20 68 158 51 72 78 24 33 102 137 236 182 207 132 246 1 54 117 179 188 151 165 10 23 81 114 140
64 153 58 122 151 7 84 137 251 0 86 50 70 182 228 170 205 164 94 120 210 71 176 187 77 163 45 81 195 242 61 49 27 212 23 127 235 191 35 46 146 197 31 168 250 5 60 98 44 142 115 66 52 63 114 174 149 2 123 161 165 14 218 213 103 202 9 128 19 100 154 194 236 252 67 186 172 62 93 97 148 167 24 245 253 53 74 181 240 1 104 18 249 177 207 254 48 183 185 214 222 224 96 22 117 11 32 105 192 92 158 6 129 159 226 144 113 147 204 101 56 178 3 139 169 208 196 10 215 65 171 76 83 102 111 47 68 193 8 141 200 221 116
195 68 246 15 122 102 196 212 31 125 143 226 79 47 29 30 26 154 12 10 71 210 92 25 112 90 4 237 168 57 82 161 165 222 55 123 105 126 169 184 45 73 19 49 209 159 33 167 83 249 80 113 186 16 52 216 177 3 157 148 54 135 241 173 254 178 2 170 99 149 245 235 39 238 43 109 138 194 145 243 72 8 204 50 0 107 84 134 201 208 41 129 223 1 18 153 34 44 114 58 74 88 175 251 70 255 128 136 191 115 162 59 127 156 163 215 121 150 185 232 166 100 190 197 199 200 11 141 171 183 32 211 51 64 110 225 240 21 48 132 228 36 111
166 32 33 147 187 225 185 203 104 183 64 120 36 174 132 58 227 119 254 184 246 62 19 39 76 161 78 216 204 233 139 154 181 223 125 44 218 37 46 6 92 192 4 214 107 27 20 140 38 91 156 229 251 35 15 112 153 177 131 56 228 61 170 171 29 134 215 102 231 240 101 176 7 26 169 195 158 182 68 95 167 16 21 126 234 208 243 67 108 150 137 199 70 128 157 80 194 94 148 224 1 40 71 86 145 49 212 17 45 114 116 65 74 85 109 142 172 230 59 28 31 51 105 135 197 217 220 2 202 110 188 34 47 111 118 168 190 211 221 226 239 253 89
123 53 148 3 233 85 72 237 225 107 150 16 15 172 133 40 76 191 57 105 50 141 10 59 125 4 212 171 29 82 196 209 154 7 124 99 195 33 246 242 164 203 220 169 157 168 52 65 137 112 180 63 193 38 98 121 47 202 224 213 181 159 206 89 249 247 252 25 32 44 142 179 88 120 143 174 232 51 186 200 210 234 49 73 117 61 138 183 188 93 129 231 35 114 119 66 115 214 226 151 207 96 68 103 122 21 48 145 184 201 204 42 71 149 80 126 132 216 83 173 187 222 248 22 240 0 56 160 190 241 91 95 127 147 217 218 67 97 135 161 110 2 54
142 95 41 207 99 44 28 115 179 221 117 68 35 161 78 189 233 211 61 81 120 54 255 197 86 186 104 178 174 9 166 229 36 170 92 145 132 131 22 101 254 6 190 4 94 169 137 202 217 128 247 66 228 159 165 29 215 32 130 150 176 33 55 156 252 96 205 206 85 148 19 1 11 42 245 65 149 240 39 139 141 177 227 23 43 47 90 121 204 180 198 225 231 250 187 73 63 100 103 164 239 83 118 154 188 236 88 134 222 21 93 24 199 253 123 157 173 183 209 234 5 20 45 77 108 110 114 58 82 143 216 31 172 192 15 84 129 212 249 251 52 138 195
25 70 201 87 65 240 132 116 194 124 250 205 56 193 190 247 233 156 108 207 148 12 146 234 106 105 17 59 251 217 117 165 178 91 19 41 138 147 120 242 170 143 0 172 134 130 3 109 235 163 223 53 253 184 9 135 161 40 68 198 149 248 216 226 20 63 176 220 97 31 45 86 42 94 128 155 79 125 62 119 66 5 150 81 218 236 77 140 23 95 2 8 24 232 245 169 137 18 33 16 159 26 154 162 225 246 7 142 228 111 177 187 243 252 51 52 57 84 92 188 103 144 28 202 229 73 158 15 64 241 164 174 78 46 75 200 1 34 98 254 13 102 107
7 88 89 123 97 15 44 135 200 52 141 60 237 14 86 63 12 192 32 156 111 167 134 208 230 37 54 170 9 98 191 19 198 252 216 222 3 55 107 131 30 42 142 151 220 59 145 238 218 251 255 64 137 20 194 223 99 225 153 18 27 186 188 130 209 121 174 116 231 33 247 36 158 254 210 165 93 109 85 133 128 229 195 201 50 10 21 125 154 161 17 144 157 197 122 136 159 79 108 160 241 34 66 113 114 217 0 204 189 71 172 184 202 91 105 146 207 233 29 49 70 101 147 16 164 117 26 62 112 203 206 103 56 69 84 180 215 39 61 94 100 150 163
20 101 134 103 176 208 13 250 137 54 10 116 82 106 244 196 47 143 2 107 39 1 128 221 50 157 15 166 55 73 238 69 178 215 252 163 38 23 64 21 31 67 160 151 158 74 63 22 222 26 180 228 145 60 12 43 65 161 94 153 191 3 210 217 27 168 30 32 186 5 246 242 115 11 85 89 239 241 198 18 52 140 167 14 29 34 177 147 201 240 154 185 36 219 255 87 17 71 144 212 226 194 253 91 188 207 227 0 44 192 68 181 76 206 136 148 245 51 108 133 139 199 46 204 225 9 83 124 59 72 95 98 122 223 230 251 19 66 93 118 138 152 189
74 87 197 224 145 244 47 165 239 183 208 61 155 157 170 202 13 219 14 154 93 45 248 56 103 83 91 20 118 0 34 166 210 151 40 3 37 42 169 32 203 43 101 194 252 98 200 33 100 130 199 66 6 137 19 28 147 190 107 89 201 1 180 182 68 78 73 142 204 238 95 185 164 173 175 116 148 172 195 222 232 21 120 140 254 7 168 76 241 134 108 99 174 211 126 131 178 212 113 253 181 221 15 38 50 127 225 82 26 67 220 228 143 36 70 198 235 72 112 153 167 217 35 60 110 156 75 139 196 246 8 97 125 129 152 176 206 215 65 119 177 18 25
149 226 49 66 30 132 144 73 203 242 204 44 220 105 248 194 224 63 52 115 214 103 51 160 6 101 137 187 54 50 53 84 253 189 96 17 28 64 91 225 161 157 72 179 18 124 167 173 38 106 231 57 147 165 197 62 163 244 90 155 22 20 68 140 21 45 65 236 128 191 104 180 171 159 37 47 230 67 227 16 69 80 81 138 125 228 229 239 196 29 95 129 148 249 111 116 186 199 202 205 213 234 238 211 232 48 58 136 145 158 166 11 39 76 83 109 117 146 190 135 195 246 113 162 247 35 88 119 134 217 222 235 252 27 79 164 181 182 183 206 208 40 56
18 218 188 112 6 195 206 139 235 147 61 85 74 3 23 102 31 170 131 95 145 238 185 123 190 169 249 242 148 12 34 229 134 155 87 168 233 98 204 213 0 33 189 197 2 178 215 81 14 17 28 173 90 181 20 177 144 240 44 217 58 37 125 248 200 116 56 99 48 27 55 1 140 223 103 227 165 22 142 19 29 174 241 179 50 46 111 120 130 228 159 16 86 89 191 121 49 162 203 237 250 68 231 51 77 79 80 117 146 133 254 21 108 208 35 41 65 220 113 158 67 225 39 72 166 247 11 54 93 76 154 207 25 78 150 53 62 82 110 219 97 101 126
40 233 60 105 61 23 130 111 152 195 183 38 10 72 191 4 202 51 163 172 252 170 56 217 25 104 143 178 229 230 154 47 82 210 92 49 234 228 28 74 117 138 5 21 250 107 41 55 196 189 33 235 186 200 218 46 88 220 243 0 156 165 236 37 59 65 93 190 80 39 255 205 209 160 225 254 45 53 54 102 149 15 197 133 232 24 147 194 212 50 69 100 247 43 151 166 193 159 114 116 173 174 109 81 115 180 20 26 35 120 158 169 242 16 57 132 11 113 122 179 203 70 126 134 162 96 32 153 155 164 181 201 171 14 87 1 71 219 13 101 141 2 215
149 198 37 71 167 215 126 35 69 209 8 144 64 115 1 156 89 20 27 210 244 169 170 185 19 54 44 221 49 58 222 10 21 245 46 39 164 116 77 135 192 208 233 93 171 255 238 217 155 62 186 172 111 243 110 15 91 96 117 253 25 61 199 207 119 204 226 4 124 9 11 140 235 248 216 51 211 160 0 22 76 250 57 143 177 26 38 206 18 114 142 219 72 151 225 242 95 196 87 100 101 125 190 236 73 97 127 153 112 80 162 121 137 29 79 175 86 120 166 197 241 104 17 78 129 188 213 214 227 230 70 157 150 158 159 234 32 63 88 102 148 189 212
163 82 195 77 116 91 134 13 46 253 209 220 18 92 138 217 43 64 127 108 126 175 171 192 212 176 123 66 225 254 237 88 137 144 161 181 73 236 111 57 250 37 233 54 230 53 105 6 113 141 58 145 245 130 27 166 60 132 139 131 69 167 196 32 228 232 112 153 213 177 143 219 224 0 97 133 148 204 72 152 203 229 85 129 52 61 226 241 48 71 128 15 249 162 67 24 30 59 34 89 179 22 45 120 240 94 125 208 214 119 164 187 86 87 238 121 151 186 255 122 155 160 198 31 183 191 252 42 98 223 251 2 11 16 215 239 117 156 55 75 83 14 50
57 35 154 37 59 239 115 132 118 121 75 137 122 99 60 162 215 95 135 26 143 222 240 220 25 72 164 54 247 21 36 190 11 229 3 88 219 180 214 85 224 17 79 133 127 183 83 124 30 206 55 129 20 90 166 43 10 144 125 209 24 48 67 211 1 231 34 153 203 97 101 226 248 33 184 40 92 186 23 12 82 130 156 195 69 76 244 212 114 87 173 237 234 15 108 120 204 16 251 246 255 22 104 109 199 225 249 7 52 4 51 100 158 191 207 245 84 138 223 96 181 13 70 178 221 241 44 45 47 196 243 176 117 148 233 250 139 157 161 193 202 228 27
53 3 225 233 40 148 91 172 133 85 72 237 171 195 196 202 191 179 143 107 220 44 15 82 154 105 210 193 117 150 173 121 52 76 181 10 209 168 59 238 186 73 145 142 138 224 29 169 123 33 141 174 206 232 47 83 114 249 246 205 112 217 160 242 127 240 159 200 7 151 157 74 187 139 125 32 71 38 189 218 251 97 231 129 63 42 234 245 19 48 50 137 253 16 25 156 115 17 161 164 49 61 95 149 203 93 135 214 241 8 175 37 147 152 56 162 81 96 101 109 119 132 67 197 212 12 41 66 188 68 108 158 244 116 167 199 235 248 2 26 130 18 98
44 142 169 6 117 95 207 179 99 68 211 28 233 78 55 81 190 35 119 32 177 131 130 143 221 254 159 252 41 251 61 186 197 104 229 36 63 178 132 176 188 156 231 127 141 137 245 103 149 206 166 205 62 199 215 222 154 23 88 83 29 47 140 157 217 7 33 66 174 202 22 54 126 168 247 65 94 180 243 250 108 204 164 165 148 214 57 255 96 72 239 39 73 120 198 86 113 189 209 118 133 11 24 158 212 161 187 216 230 2 37 48 91 128 43 101 139 201 123 58 238 19 85 172 194 183 18 90 125 129 110 240 31 175 244 248 46 82 98 170 210 122 163
87 25 70 193 201 194 124 40 106 65 116 122 156 56 148 132 233 108 59 147 205 102 135 42 210 12 251 160 109 190 242 146 234 149 245 170 150 207 53 0 172 105 188 19 20 120 78 161 125 163 130 134 168 253 198 50 243 117 165 41 250 9 77 216 220 68 91 137 143 248 33 138 223 17 94 5 228 3 18 97 144 45 86 169 82 187 6 8 140 184 13 24 62 178 36 192 113 174 195 177 185 64 199 100 16 167 197 235 128 211 133 26 226 159 176 246 49 4 23 58 61 63 79 119 126 154 182 46 52 93 225 241 7 90 217 247 1 75 142 208 230 252 255
135 7 86 88 200 19 44 60 9 167 32 63 188 34 37 141 157 54 80 222 252 111 15 254 59 251 89 123 208 10 112 61 230 218 220 192 136 170 204 231 172 14 142 238 108 55 130 209 128 159 165 117 134 71 216 30 233 50 201 85 121 194 129 247 161 18 20 107 158 64 146 153 186 151 21 105 36 145 206 3 70 131 155 98 33 184 198 144 99 210 156 162 225 62 109 66 133 191 243 93 27 213 223 116 91 197 2 137 189 241 255 79 118 180 0 40 56 174 195 114 183 248 163 96 97 168 202 237 78 113 147 164 249 13 154 16 207 215 219 110 122 177 41
20 103 101 221 54 176 151 1 47 137 82 167 244 134 163 55 10 39 208 153 50 158 22 196 116 166 115 157 2 73 250 38 143 215 21 15 242 178 252 11 238 210 107 160 27 63 44 74 71 64 31 94 186 168 87 26 67 23 18 222 43 201 3 253 177 12 36 34 180 58 198 98 5 128 136 140 89 124 68 119 13 127 65 69 91 144 148 203 217 228 188 0 52 32 106 191 239 62 161 212 246 251 227 92 6 66 185 192 247 255 84 181 4 138 205 51 219 24 147 240 14 29 60 102 145 194 233 72 229 241 30 170 184 199 230 235 53 78 80 81 85 113 125
197 87 56 61 47 224 244 145 165 157 208 74 13 183 118 155 45 78 0 239 20 130 210 42 101 93 170 203 103 34 3 107 219 14 182 137 248 40 140 26 202 221 154 177 100 83 43 37 168 98 147 166 68 146 254 1 222 153 116 200 204 211 152 174 117 33 198 35 134 190 230 206 252 181 21 58 216 91 169 131 164 172 241 185 195 238 2 104 194 19 97 232 135 76 142 63 120 180 186 192 66 82 5 167 253 73 173 71 129 28 86 110 193 215 234 119 132 143 151 178 220 6 38 95 113 139 199 25 64 212 17 36 75 225 22 209 236 121 125 196 201 235 52
226 144 160 242 50 132 149 66 197 204 73 49 105 53 194 214 96 30 137 17 248 46 236 44 171 91 224 64 103 215 115 196 54 52 84 90 187 244 6 57 68 128 166 20 159 163 28 181 78 195 165 161 230 38 245 9 72 95 148 167 65 231 101 124 81 106 29 155 229 182 253 157 179 147 191 153 238 209 31 227 67 63 129 76 203 211 80 102 142 59 83 107 232 130 18 21 117 200 220 249 119 189 37 173 250 111 228 79 136 140 51 126 40 61 158 180 7 16 26 92 188 69 190 56 87 104 113 205 208 210 237 19 45 146 150 186 216 10 32 206 0 58 112
218 18 188 85 206 155 139 56 185 189 98 112 95 31 195 170 169 131 145 3 74 28 34 147 134 235 249 6 12 242 215 191 89 254 35 233 2 33 79 99 173 190 228 144 240 61 248 87 229 20 80 178 27 117 168 22 125 1 90 177 181 44 14 203 200 102 146 180 86 204 217 65 154 197 46 121 238 140 16 103 116 0 19 37 82 225 165 182 93 208 237 128 130 241 174 231 48 81 171 108 250 23 58 76 243 60 66 227 124 176 30 68 70 161 166 212 51 101 120 123 187 209 25 63 152 216 17 9 43 59 72 97 110 54 78 150 223 21 219 11 38 45 53
105 233 130 60 40 61 10 72 111 218 210 163 243 56 183 217 39 254 152 229 4 234 59 41 230 228 191 74 49 23 212 220 114 138 236 178 190 54 235 92 172 170 88 116 225 47 53 250 104 156 200 165 186 11 51 50 194 193 247 252 33 82 149 219 232 173 201 179 26 45 55 65 158 37 80 202 100 117 133 109 174 242 160 15 209 46 24 95 96 195 197 28 127 43 89 164 5 102 132 213 245 16 87 113 153 93 208 187 75 122 151 159 203 126 78 0 2 13 71 81 84 134 145 162 185 227 239 141 101 129 161 166 14 25 63 110 142 147 171 181 184 211 70
198 149 71 64 37 167 170 1 126 215 156 115 69 186 27 204 89 35 185 54 9 209 144 73 19 91 39 125 221 4 150 222 36 171 116 164 236 245 20 77 21 103 207 151 127 155 88 216 25 110 10 111 248 142 243 213 244 49 253 168 46 218 78 62 117 190 225 44 192 233 0 119 26 96 219 38 114 208 112 79 162 101 160 165 72 11 58 199 104 57 65 120 140 172 203 87 98 157 97 60 95 8 76 141 175 47 177 63 102 250 18 169 197 246 124 188 214 201 17 122 128 200 228 230 238 86 29 34 42 129 159 66 70 100 121 130 143 191 226 239 242 249 106
209 116 82 18 163 138 195 46 91 77 134 20 220 108 192 13 175 143 92 24 225 212 57 181 130 66 129 151 64 99 94 141 167 72 176 237 44 219 127 37 6 250 60 139 230 51 105 137 32 69 132 217 162 43 253 254 113 123 45 63 111 234 112 133 71 203 38 27 31 228 42 128 153 48 55 148 232 155 11 97 15 122 214 171 73 204 75 215 144 160 252 61 88 104 90 159 164 198 121 156 229 50 188 158 179 213 177 180 135 187 196 245 246 131 146 152 16 118 120 206 216 255 70 193 241 52 54 67 184 233 235 14 86 89 93 236 80 98 183 83 87 240 5
57 154 35 215 37 55 162 72 59 157 99 118 88 220 239 247 219 222 214 115 83 95 60 90 122 121 143 244 137 17 85 21 229 97 150 33 67 233 255 234 209 3 240 25 135 184 246 69 52 206 34 76 180 79 224 10 132 75 133 221 15 20 70 144 248 23 12 89 153 226 108 199 207 191 237 30 225 231 11 43 51 173 249 164 36 47 190 27 124 120 195 228 1 92 100 109 151 186 211 178 176 203 204 54 158 26 148 166 242 28 41 114 183 188 24 125 156 223 61 68 101 7 49 123 130 196 205 235 16 40 241 19 44 116 202 22 50 129 141 194 250 64 80
27 78 205 218 26 92 47 255 143 229 191 236 109 28 183 117 146 66 163 6 132 120 14 144 227 123 189 231 104 93 180 12 58 248 100 145 209 130 179 85 105 194 9 160 197 57 140 63 211 33 202 17 173 247 69 154 235 156 208 178 41 11 195 151 168 224 19 25 238 20 75 97 113 7 199 49 128 116 10 34 249 46 86 89 198 76 1 165 162 216 139 170 213 172 166 200 210 42 18 221 230 2 95 22 71 185 54 157 48 246 112 98 158 186 192 206 37 31 80 153 220 244 141 96 99 111 125 159 124 219 252 68 94 101 245 30 169 53 149 150 110 181 90
235 191 127 146 250 208 176 81 60 136 167 64 252 133 254 19 44 153 102 181 61 198 189 75 207 56 54 49 8 108 150 110 139 203 213 47 109 62 137 234 27 103 97 35 29 140 94 125 202 17 88 158 218 145 155 162 37 227 182 192 161 214 63 107 217 23 24 249 11 46 18 2 113 130 26 68 233 244 174 209 72 95 104 188 5 96 131 143 223 4 156 220 41 225 36 51 138 77 82 149 84 90 170 185 206 222 135 101 22 187 67 105 73 253 59 197 28 34 121 190 196 232 16 71 177 39 92 21 179 129 173 201 0 6 50 86 160 14 126 168 236 147 237
222 202 108 122 57 191 231 246 80 10 121 168 184 51 243 249 109 163 166 6 162 18 0 153 190 78 152 5 164 195 203 11 192 25 13 44 187 128 54 72 24 216 255 240 181 194 212 238 252 223 218 19 98 65 227 165 42 110 16 143 182 73 142 185 38 77 205 247 15 37 172 104 157 76 12 43 160 103 89 244 254 58 161 213 94 97 106 147 81 177 242 53 188 123 67 68 211 117 70 208 48 56 63 196 71 21 141 139 214 14 36 105 130 133 62 64 88 175 180 87 120 136 26 90 40 8 20 45 96 101 220 114 84 206 9 151 217 23 52 226 49 39 61
58 35 36 34 167 202 87 95 38 252 199 176 254 171 68 103 232 78 130 136 46 66 41 77 44 172 180 235 189 106 121 137 225 253 129 72 101 29 89 185 203 221 69 191 8 9 48 148 179 222 245 74 141 97 132 107 128 25 53 190 67 49 173 187 196 209 11 143 152 116 178 42 112 211 105 154 174 194 166 84 93 114 118 218 0 13 146 163 17 79 142 182 85 94 104 117 153 149 26 155 5 15 33 102 197 22 119 57 198 210 100 244 134 168 2 224 18 122 39 99 195 10 43 240 21 7 96 135 160 183 212 19 64 157 162 164 165 231 32 47 124 200 233
136 141 73 1 188 75 153 78 10 154 81 165 171 17 26 36 21 151 228 149 191 7 94 74 233 80 163 134 220 167 230 224 64 85 138 140 240 192 45 3 0 110 183 79 60 126 47 227 89 103 48 142 54 115 40 8 50 208 253 99 101 152 61 215 27 92 232 234 102 248 37 124 14 118 125 246 31 109 24 187 76 5 147 182 238 251 9 19 199 239 129 66 105 4 55 16 29 128 158 195 207 252 148 93 214 219 12 44 181 186 87 20 49 226 32 217 143 172 225 231 255 69 120 34 70 137 28 63 133 112 2 119 211 59 83 111 144 244 97 98 146 159 194
3 233 34 166 109 165 218 103 55 219 22 199 238 205 138 124 76 243 137 132 214 196 232 53 61 110 86 89 242 185 16 180 8 162 73 52 244 80 181 163 27 212 78 135 237 12 161 90 108 164 85 51 175 147 145 254 50 119 208 2 66 169 176 123 156 240 88 96 49 126 74 134 252 95 32 239 14 43 67 113 250 21 143 170 182 187 63 194 48 60 215 220 19 20 72 127 30 62 99 178 15 31 68 160 251 149 179 92 158 226 1 195 206 224 6 36 39 122 177 116 246 106 248 101 117 209 46 111 184 23 38 70 125 204 10 18 25 56 58 71 84 144 193
209 154 232 106 173 198 127 28 168 47 118 222 24 156 70 87 212 43 139 52 252 100 145 143 233 69 197 132 185 161 192 245 98 88 79 206 140 22 86 141 159 119 237 217 16 81 235 103 109 149 234 136 177 30 146 215 120 9 204 190 80 242 254 61 62 124 12 117 169 243 18 137 249 17 182 236 231 225 112 77 50 158 220 105 179 176 251 42 63 181 93 195 78 90 202 211 35 163 201 31 164 142 73 8 10 123 186 150 239 6 49 71 55 96 121 72 91 94 20 64 144 148 21 60 194 67 247 37 59 84 92 147 189 205 218 115 125 131 134 101 151 188 207
159 39 98 148 128 108 8 70 95 68 120 186 30 251 34 116 87 77 235 60 204 154 203 5 93 209 16 219 50 99 123 18 92 145 127 32 239 241 248 53 158 13 23 224 44 250 130 177 244 118 1 246 62 183 129 80 85 141 169 231 132 197 249 72 190 46 100 142 36 112 41 191 227 83 214 11 90 176 117 20 75 223 245 10 175 25 178 234 134 144 165 201 26 27 45 205 9 136 253 105 37 140 151 163 122 139 247 211 226 24 66 237 155 67 167 255 193 215 173 38 69 78 164 229 2 96 138 189 22 73 107 101 103 113 58 153 174 212 225 89 110 162 230
