160 59 83 201 99 103 163 213 237 162 245 254 120 82 203 191 33 170 13 223 85 17 18 39 220 251 171 153 42 246 74 192 64 224 49 105 77 181 68 150 221 2 0 155 247 51 22 164 107 117 79 135 128 109 48 54 149 234 11 126 199 78 139 165 204 243 168 34 119 8 70 123 177 24 72 92 125 195 28 146 159 187 188 212 47 56 61 121 227 81 198 114 138 26 241 230 37 180 218 111 161 209 41 75 91 156 174 232 211 226 9 19 45 144 148 157 147 216 29 66 96 137 16 185 249 36 97 172 52 65 93 106 131 210 233 255 46 176 222 5 27 73 87
214 125 167 159 219 130 123 78 99 30 38 236 45 80 178 140 114 9 19 240 248 54 138 106 149 155 234 131 175 89 92 238 49 186 8 86 120 144 0 1 11 115 3 100 23 71 91 148 202 5 170 143 173 195 87 223 141 16 17 189 226 112 64 75 33 56 95 187 164 182 183 32 43 132 34 68 176 197 169 198 205 44 252 61 96 224 231 251 51 239 13 40 50 66 72 162 185 22 69 98 104 153 222 76 109 145 200 208 215 27 133 58 220 24 35 127 237 60 81 216 29 97 166 180 250 26 46 209 211 228 255 59 67 73 163 165 181 253 52 83 7 28 10
42 79 219 158 6 104 188 40 41 187 126 216 207 157 139 228 193 118 122 170 253 208 120 150 111 218 164 250 252 92 16 221 76 106 225 10 161 71 93 223 229 39 63 172 96 189 55 108 35 5 77 133 185 184 199 83 230 60 102 116 148 175 243 244 66 107 215 210 155 190 47 56 64 78 182 240 73 81 2 4 113 125 211 52 128 181 248 61 156 249 38 99 9 222 146 151 169 176 213 234 8 91 137 166 179 206 82 88 90 94 105 224 245 246 30 43 103 254 109 142 251 22 59 7 37 50 70 87 141 163 194 200 209 235 255 3 80 36 97 110 12 98 115
163 210 175 108 199 182 248 39 23 25 206 61 154 165 87 62 224 136 228 94 16 157 231 44 46 197 243 29 126 172 8 36 159 86 250 170 95 193 225 11 238 201 155 27 69 67 180 198 115 0 160 188 34 205 152 64 113 24 52 195 221 51 96 181 33 138 56 120 156 132 125 196 9 97 167 241 22 88 192 37 204 141 146 50 168 150 211 232 35 98 83 116 209 229 122 240 72 177 254 121 223 239 139 140 216 255 147 226 3 4 31 119 166 208 135 148 173 215 58 65 81 249 194 105 164 203 217 99 101 158 32 47 84 127 212 179 207 17 63 79 169 92 187
206 110 160 124 88 107 201 220 170 148 29 221 154 104 129 175 230 33 233 243 98 47 208 231 109 86 217 44 100 181 149 166 239 207 94 4 192 125 8 238 138 3 67 156 65 240 252 105 133 167 14 2 216 106 111 80 52 126 116 75 60 173 93 155 195 203 123 178 244 132 119 55 117 139 177 20 34 15 143 218 13 71 194 54 151 35 43 118 136 152 222 254 81 200 242 46 73 87 161 10 122 190 23 51 169 30 108 214 12 82 6 61 113 164 198 41 63 83 120 147 180 1 90 9 142 209 228 78 179 184 205 24 38 182 25 68 70 112 249 250 7 102 153
64 179 219 151 137 77 176 150 182 205 94 120 86 84 240 191 23 163 228 7 49 44 26 195 71 250 81 103 232 101 167 142 114 158 60 45 129 212 115 146 127 235 168 34 165 170 242 187 62 48 149 197 35 31 213 14 50 67 161 2 100 174 66 252 192 97 148 198 5 105 154 139 27 254 61 225 236 46 186 63 214 199 223 53 194 202 93 245 92 226 69 65 68 136 141 184 224 96 171 24 113 52 164 117 153 1 104 19 206 147 6 56 175 209 83 89 122 172 134 251 204 222 249 116 138 70 74 159 82 185 196 28 58 178 181 3 123 29 0 17 102 215 218
195 68 246 38 122 15 244 196 31 143 226 10 29 168 49 79 47 188 4 157 25 149 71 222 2 82 216 165 192 92 57 105 99 112 19 54 255 185 169 102 210 113 207 73 161 243 67 83 114 23 3 148 80 32 167 138 151 194 16 123 229 39 109 249 8 173 100 76 45 140 134 215 84 26 55 121 141 254 48 51 74 170 208 235 150 0 162 43 52 107 153 58 156 177 44 132 228 251 209 77 135 34 91 224 245 88 213 21 146 152 62 182 186 237 1 6 30 59 187 36 203 204 126 223 232 248 11 27 128 181 238 50 106 124 174 190 236 24 117 22 129 189 197
166 32 115 12 147 203 58 64 151 127 120 33 199 62 96 246 193 19 36 76 204 119 6 192 231 154 254 38 107 125 183 46 224 27 35 216 44 139 223 156 37 84 228 233 184 21 137 153 251 95 106 218 176 195 116 91 67 121 20 85 102 170 167 61 161 90 229 4 126 140 142 214 68 101 114 129 177 29 181 57 169 171 79 110 205 15 70 98 219 86 197 243 80 2 30 92 158 186 253 182 45 74 41 208 39 71 94 105 131 230 215 222 108 49 59 65 128 132 157 212 135 194 226 16 34 48 172 196 250 51 133 73 160 207 13 66 206 241 187 235 7 42 103
123 3 75 54 237 40 107 150 225 172 191 39 121 166 76 16 57 246 125 212 105 50 63 15 180 14 94 47 52 82 169 250 141 241 10 159 154 33 231 137 247 4 193 213 220 59 209 73 153 203 90 204 216 31 32 171 196 112 124 142 148 202 35 98 179 7 29 96 174 188 178 183 186 65 168 51 232 89 93 99 115 25 38 129 66 120 157 238 161 164 83 61 234 210 97 194 242 110 143 184 44 100 200 218 160 88 253 2 114 56 226 68 128 173 26 80 119 252 20 87 95 138 227 91 146 190 224 62 84 109 118 201 205 22 30 42 48 165 214 13 53 67 167
142 41 95 44 74 238 115 101 117 221 103 3 32 189 134 181 255 46 28 35 197 199 120 195 131 9 22 36 78 174 40 202 130 132 240 54 145 169 92 47 137 10 178 104 107 156 166 94 19 55 83 42 170 159 21 251 207 206 8 86 81 198 126 177 180 29 190 118 128 252 141 161 139 247 33 56 144 160 228 4 217 96 5 176 212 165 6 127 204 23 88 173 39 227 234 0 15 65 205 91 114 253 236 11 52 93 123 164 85 209 98 66 108 222 58 68 82 241 148 149 24 69 129 175 61 121 111 152 48 147 167 31 45 73 84 100 110 138 13 20 57 90 122
25 70 201 240 65 112 87 30 56 194 247 67 233 193 234 63 205 40 59 146 124 17 109 41 106 137 28 20 245 232 116 144 197 77 229 170 242 120 207 138 117 19 105 165 253 91 9 3 237 8 86 244 31 0 119 140 176 143 130 217 246 68 147 156 26 190 248 163 111 161 2 200 198 223 94 226 32 184 42 250 97 95 128 225 125 135 7 149 155 79 188 162 236 148 159 173 53 15 51 177 102 123 52 75 222 216 254 5 132 218 169 64 103 108 154 241 243 16 33 150 164 66 228 92 99 171 18 158 178 252 180 172 100 187 235 23 62 78 131 34 84 13 73
7 88 67 123 89 8 52 111 237 200 135 15 12 63 191 14 146 37 156 192 1 208 86 222 65 167 125 198 174 197 55 48 231 220 131 19 71 238 9 252 3 145 99 20 160 130 36 6 42 251 2 216 85 30 64 54 59 141 17 49 202 209 128 157 107 186 133 10 153 165 229 109 136 18 142 211 60 72 190 218 26 27 201 21 254 66 119 113 144 32 154 195 91 34 56 121 50 112 155 161 62 158 25 116 189 188 194 223 242 108 105 164 29 110 248 16 44 122 170 101 103 151 210 95 184 204 207 247 163 233 40 93 100 206 140 225 84 137 11 39 98 114 120
20 134 208 101 111 152 13 103 42 86 47 54 82 50 106 90 179 128 1 183 160 221 39 143 23 204 15 210 107 60 166 64 55 130 215 158 73 255 182 252 69 74 236 242 3 115 251 191 196 243 151 63 67 122 163 116 26 157 212 22 222 241 27 167 177 94 180 239 85 131 12 52 87 89 95 253 136 230 202 153 228 246 44 201 206 29 65 192 245 250 233 5 17 68 154 168 176 240 205 34 9 138 188 35 56 145 140 161 181 203 71 207 225 36 43 147 227 14 220 238 249 76 0 46 81 219 2 18 66 96 119 229 237 21 51 98 59 186 200 11 84 118 144
74 87 197 85 244 9 224 31 23 47 239 0 155 61 157 202 14 158 154 194 20 56 103 91 101 145 118 3 230 95 107 203 12 151 15 120 130 28 6 190 33 148 45 43 164 32 82 169 199 185 68 89 176 73 126 147 19 21 211 200 96 137 178 232 128 66 219 254 13 142 210 37 112 172 116 134 182 78 173 198 201 54 204 175 75 238 127 152 186 248 60 104 163 225 100 80 143 220 40 108 2 241 113 129 191 34 181 24 79 115 235 25 140 71 110 217 247 27 51 102 153 168 253 174 177 49 63 88 196 26 38 42 70 93 99 106 132 167 222 59 150 212 237
149 49 226 30 66 108 144 242 78 203 239 227 220 153 105 252 160 143 63 52 224 1 15 6 17 51 103 137 187 101 155 106 138 50 171 57 91 147 28 44 197 191 210 80 236 244 124 38 214 45 53 134 225 140 2 23 86 141 204 230 40 74 190 68 129 22 180 73 146 240 128 148 162 165 64 62 249 90 167 189 195 16 42 47 104 179 229 13 150 182 234 235 37 83 95 159 58 125 20 21 55 67 76 97 164 196 113 232 253 255 29 69 215 116 130 161 248 61 109 112 120 212 231 102 135 145 193 205 18 27 65 92 157 172 228 238 14 39 81 139 199 245 11
18 218 188 158 112 6 85 201 10 8 102 205 95 146 23 123 61 131 185 133 31 217 181 178 233 148 12 155 195 168 34 229 33 160 177 234 240 87 17 189 56 20 242 204 173 215 125 230 28 81 166 212 97 162 220 200 37 214 249 103 2 48 58 62 90 128 174 248 22 44 110 16 7 79 116 254 0 198 108 165 186 55 65 191 224 241 122 92 29 98 119 208 27 101 117 120 167 225 51 72 99 67 86 45 68 93 142 190 250 39 52 124 237 30 147 161 176 182 231 11 89 109 113 139 210 3 14 21 46 127 129 213 19 54 77 152 25 135 140 187 145 159 179
40 233 60 61 105 125 23 128 197 10 130 234 129 38 217 152 168 170 56 163 143 111 82 165 229 252 51 26 92 230 59 179 114 107 21 226 210 169 156 41 202 239 49 201 5 154 190 200 255 65 20 24 218 39 53 220 138 196 212 224 69 133 228 74 236 57 50 191 186 132 28 205 102 78 73 101 187 194 232 93 3 43 54 149 150 176 225 88 100 151 174 87 96 116 188 137 164 243 244 166 203 245 254 109 119 33 148 189 241 248 11 70 110 58 35 134 139 141 227 46 16 81 159 204 206 120 173 181 184 219 231 246 79 162 4 6 62 84 104 242 122 235 45
198 149 37 71 167 146 215 35 126 204 169 144 115 64 4 27 128 156 170 54 133 21 90 60 19 55 77 220 10 9 221 245 124 20 164 6 242 87 110 199 39 46 26 171 3 181 49 25 186 22 225 57 18 255 76 158 116 166 214 95 62 119 155 207 34 61 137 172 96 11 14 248 0 127 223 91 94 206 236 106 187 229 101 73 173 111 143 213 250 121 180 1 197 100 235 72 78 150 212 70 175 30 112 243 97 178 182 80 185 58 253 41 190 195 233 104 113 226 237 38 86 160 211 88 93 117 129 176 228 28 32 162 232 8 15 29 48 65 151 153 159 42 12
163 82 195 49 26 116 143 134 125 13 46 7 192 253 217 220 108 127 209 18 149 27 92 88 145 126 66 130 230 250 161 254 226 11 84 54 181 219 137 109 213 113 57 73 37 43 55 138 245 6 141 112 229 32 97 205 105 0 69 86 237 17 53 52 121 122 132 128 167 94 166 48 61 148 191 2 60 196 249 15 153 162 179 183 98 67 24 100 107 111 133 199 203 72 160 36 42 120 131 187 89 235 240 252 74 165 197 232 87 238 63 188 85 142 51 101 129 251 177 242 246 14 40 200 77 155 206 38 75 171 164 31 170 255 1 33 65 91 193 211 223 236 243
57 154 35 37 62 239 118 67 129 132 162 26 48 105 182 121 47 36 99 215 126 247 55 18 60 159 164 214 75 206 79 220 224 72 11 21 4 222 20 144 153 12 90 135 166 209 219 17 63 85 237 146 240 96 137 16 89 117 23 40 143 203 76 120 234 180 195 236 156 227 24 43 181 69 249 14 231 254 13 15 30 97 51 244 58 109 130 229 252 87 151 104 29 80 251 50 173 124 158 184 228 84 108 225 7 204 122 178 70 77 191 208 223 196 232 246 44 114 5 41 94 125 190 211 93 170 193 241 28 45 31 39 59 131 250 253 22 64 100 139 221 238 78
75 54 3 172 225 40 166 91 237 39 202 14 107 250 82 31 150 246 191 105 241 153 154 52 193 94 47 238 44 123 179 209 15 10 116 196 121 83 97 142 114 212 247 186 159 205 98 30 68 76 232 33 125 218 169 168 189 138 231 216 253 181 217 174 210 36 73 100 129 161 119 141 173 149 63 148 171 156 160 235 230 16 220 32 59 66 112 56 165 200 4 48 151 20 96 234 251 61 74 95 194 17 115 139 53 109 157 233 118 8 26 228 203 245 2 19 37 133 25 38 80 175 187 240 242 24 42 184 185 188 206 85 120 93 152 7 103 127 132 147 167 224 29
44 142 169 117 74 238 6 95 40 103 32 101 181 46 55 159 221 41 78 35 131 199 135 190 137 36 177 28 127 83 197 252 22 134 62 251 156 130 107 132 198 240 214 33 149 47 126 212 122 139 0 63 104 113 205 195 24 7 8 119 174 29 94 105 152 57 88 141 160 180 207 153 178 166 222 2 65 175 120 189 247 118 164 19 66 108 48 54 165 23 45 237 39 96 158 206 255 10 124 209 37 123 133 202 82 114 128 61 111 241 5 167 196 3 248 140 233 244 148 154 211 91 115 157 185 217 246 73 77 216 234 56 86 125 201 11 21 52 92 110 112 227 18
87 25 70 201 112 194 122 193 65 106 40 205 30 67 124 56 59 102 20 42 137 109 144 146 229 233 170 188 234 246 210 116 156 19 77 135 245 63 0 33 173 160 105 120 68 125 148 50 197 198 242 3 153 138 150 244 9 140 248 117 253 207 247 78 161 243 41 163 7 185 130 94 216 17 159 232 31 195 123 223 181 13 18 26 28 64 147 237 6 100 119 184 143 169 250 16 86 154 177 254 97 149 241 128 192 75 199 5 36 200 208 49 187 111 225 91 79 99 218 90 2 29 58 167 176 220 162 211 238 113 35 62 165 255 4 47 74 8 55 84 157 158 168
135 7 88 86 67 200 19 8 9 111 146 167 34 197 222 157 37 254 6 1 220 71 231 208 252 63 65 108 136 55 112 174 204 131 123 80 172 233 165 14 137 251 15 59 190 128 95 155 30 20 36 56 201 198 209 17 48 85 129 238 21 192 109 64 161 188 3 218 206 33 62 18 2 216 91 142 153 32 130 237 49 89 99 118 191 60 145 144 133 156 242 154 66 107 195 10 115 141 158 163 194 40 184 202 72 168 243 189 102 120 70 227 248 90 54 16 27 11 51 164 180 211 127 152 13 78 110 119 132 75 151 35 93 113 114 219 22 87 162 187 239 247 159
20 103 101 221 111 54 1 134 47 152 208 151 82 50 90 167 55 158 86 183 153 39 42 166 163 115 210 22 15 252 242 215 255 73 64 160 179 44 12 27 11 87 201 9 74 177 63 130 23 107 143 222 128 236 243 253 26 131 191 13 58 34 67 122 138 251 89 119 249 212 36 68 94 97 230 0 5 239 124 188 192 233 18 98 69 52 144 157 168 182 245 246 229 142 180 205 241 247 127 250 24 104 140 203 220 228 114 29 66 129 176 209 80 88 136 135 193 227 45 61 120 200 60 78 113 186 237 238 170 219 65 95 106 147 232 16 43 53 70 146 204 216 62
87 197 56 61 47 85 224 244 74 9 31 23 0 118 157 101 239 130 155 20 203 158 230 3 103 78 107 194 211 198 33 137 168 152 182 14 26 68 45 164 120 134 154 177 91 190 147 13 43 238 117 186 145 124 210 37 40 95 202 104 126 28 54 128 6 140 148 146 35 254 21 206 135 82 204 132 115 153 116 143 97 169 192 228 63 167 172 24 142 178 181 200 93 176 234 110 175 191 173 71 102 185 236 4 17 66 113 150 231 75 201 248 25 89 220 225 241 15 42 80 112 121 199 212 221 232 235 27 100 193 88 129 253 5 19 22 38 64 73 242 2 151 217
226 144 160 242 108 50 149 66 78 197 49 30 17 105 227 252 224 137 46 52 1 239 15 53 236 153 171 103 64 155 91 138 143 57 147 215 244 6 195 187 9 181 214 20 106 33 128 113 191 80 68 95 229 29 148 180 124 230 51 203 22 102 107 220 8 145 209 40 142 190 210 250 42 129 204 13 38 67 182 12 28 90 134 188 196 193 2 221 159 165 61 167 228 254 58 232 146 45 141 83 243 249 21 92 119 136 207 37 71 135 101 211 111 132 81 133 161 205 240 55 79 97 109 130 162 216 238 248 140 170 179 63 87 27 54 84 166 237 16 24 150 157 7
18 218 188 85 158 155 56 112 201 185 95 189 12 205 31 6 233 10 131 146 8 177 178 215 254 98 28 33 242 87 160 34 79 229 128 166 167 191 97 173 239 125 181 51 2 89 103 214 248 108 230 61 102 240 129 17 200 35 22 30 81 176 65 174 110 252 48 168 217 58 44 20 119 195 133 187 27 117 29 101 249 38 204 212 52 64 116 127 241 82 224 23 93 206 25 37 90 135 152 182 19 42 75 7 86 130 170 231 243 161 225 209 237 32 46 99 151 165 54 62 140 83 123 190 68 100 120 148 210 251 203 132 3 43 153 164 9 106 156 220 92 150 184
105 233 130 60 61 40 125 10 218 56 234 217 197 128 163 59 111 229 41 39 165 23 114 170 254 179 210 152 212 129 51 230 194 220 190 74 236 26 156 65 200 87 138 53 168 173 49 3 24 193 50 132 54 243 11 219 228 86 82 88 92 201 232 255 252 78 149 5 20 96 242 116 151 174 101 133 28 137 169 188 109 225 46 121 166 186 58 73 120 187 100 202 227 164 246 80 84 110 43 79 81 134 180 185 224 107 141 22 57 226 16 33 119 158 184 93 102 159 239 21 213 143 245 0 14 31 45 139 148 162 182 203 244 214 36 108 126 215 240 248 6 18 83
198 149 64 71 146 37 170 167 126 115 215 204 156 54 4 27 9 221 19 144 35 186 73 30 20 178 21 39 6 91 77 225 164 127 245 171 236 25 116 26 119 150 110 220 207 133 60 243 96 88 10 155 55 128 248 169 173 213 242 14 181 18 124 57 62 0 78 46 95 101 111 187 34 102 113 172 200 253 90 157 28 203 11 104 162 214 72 232 87 94 112 218 49 121 97 99 185 237 250 216 175 184 212 76 137 233 70 160 219 143 188 106 38 82 136 182 32 244 56 129 141 142 145 165 229 86 180 226 246 67 103 197 209 228 230 5 41 42 65 69 93 166 168
116 82 209 49 18 163 195 26 138 125 46 192 143 13 108 134 220 7 20 57 130 66 55 217 88 105 92 122 151 141 27 219 63 127 48 6 137 253 112 128 237 37 167 24 181 250 51 230 32 97 132 69 99 232 38 148 193 162 254 129 43 229 17 52 153 61 84 187 191 98 113 160 60 155 67 15 11 111 203 86 44 73 94 213 42 161 45 74 89 90 126 135 31 235 196 246 252 106 121 149 179 164 50 72 79 104 133 95 145 234 206 39 54 65 71 115 159 215 242 244 120 241 75 101 249 255 5 156 177 190 251 2 36 70 87 68 85 175 221 150 174 180 188
57 154 35 37 215 162 62 55 67 118 99 72 247 219 83 214 239 220 182 157 60 47 222 90 244 97 121 21 135 63 234 105 146 18 206 15 17 237 75 249 233 12 51 209 224 85 150 69 76 23 124 132 70 191 246 30 52 143 228 137 148 159 5 50 79 126 144 213 184 225 20 14 236 11 164 80 195 227 34 74 120 36 229 10 125 16 130 241 89 41 49 78 81 123 243 255 93 58 153 173 231 87 204 208 28 26 42 156 68 77 109 114 151 199 205 29 139 19 43 108 129 240 24 232 13 25 31 40 101 158 160 178 223 250 61 64 119 165 166 201 203 254 96
27 78 205 0 193 26 218 143 191 229 28 92 120 132 248 117 58 14 178 57 183 209 144 163 189 202 93 146 180 66 227 167 100 130 109 12 123 235 145 97 194 9 151 11 20 121 85 140 197 231 238 179 105 206 160 162 224 69 157 168 113 166 158 128 208 17 76 230 249 195 199 63 10 25 19 29 75 154 211 18 173 192 116 165 245 33 6 43 255 22 89 244 37 1 175 86 213 246 153 99 185 95 200 125 240 2 41 79 104 172 42 164 219 16 68 8 141 98 101 102 112 149 150 252 139 222 49 169 48 88 90 159 181 198 247 254 182 203 134 253 71 77 129
235 69 128 176 191 208 250 167 127 169 60 19 108 64 47 254 252 54 133 203 49 44 153 207 181 109 29 213 8 56 150 140 102 94 68 218 234 125 139 162 199 62 158 2 42 75 155 201 198 145 104 233 41 61 88 101 138 179 103 35 243 197 136 187 46 84 156 249 37 11 4 222 225 23 182 220 24 73 189 227 5 97 161 26 131 214 228 39 152 174 188 34 95 170 209 17 107 99 113 240 110 117 130 28 36 149 232 15 90 185 190 18 59 126 141 192 6 27 129 132 143 168 196 16 77 223 251 22 72 86 14 206 0 51 71 177 63 92 137 147 165 241 45
222 202 198 122 80 51 57 231 191 168 125 249 18 163 184 153 243 94 158 108 15 24 6 0 73 109 5 11 164 78 143 190 25 162 128 19 7 194 114 187 166 182 216 30 13 44 240 65 223 69 42 103 121 97 185 195 72 165 160 161 48 255 89 238 49 192 217 213 147 212 54 203 252 76 58 141 53 142 227 38 104 110 172 117 205 62 67 241 218 22 106 214 12 77 139 220 242 36 63 98 14 126 175 88 226 9 136 16 26 112 34 37 56 91 177 135 1 20 107 188 21 64 113 150 8 84 250 47 61 71 96 119 207 224 79 100 151 152 181 40 201 55 133
58 23 147 35 113 34 226 200 176 252 87 95 199 78 38 232 66 101 180 189 130 121 46 77 136 29 172 9 106 72 115 41 44 191 179 69 74 185 224 8 114 137 139 173 25 222 146 97 148 225 244 112 166 7 131 141 221 49 0 22 190 214 4 187 211 48 128 135 79 17 42 203 182 118 218 132 155 163 247 26 117 2 10 76 178 11 105 107 47 143 198 174 5 21 160 209 68 94 119 134 168 33 43 154 254 61 102 212 6 18 111 15 57 233 245 88 13 123 126 188 248 39 85 127 197 220 236 122 152 171 67 110 124 24 93 108 216 16 70 157 242 246 96
136 141 73 53 100 1 121 75 171 17 81 21 177 228 85 22 44 220 151 103 149 41 134 226 140 119 127 79 138 167 126 26 142 191 80 64 238 48 45 0 5 40 8 248 36 230 7 3 101 183 94 163 24 240 60 215 239 255 89 115 129 181 31 54 233 224 234 153 227 208 27 47 34 102 152 125 14 19 168 246 99 245 185 37 120 147 148 253 16 217 55 109 124 9 61 98 207 66 83 192 4 137 187 205 32 63 232 252 161 186 144 111 199 49 112 105 110 169 165 202 97 182 2 29 159 59 70 76 92 106 128 251 12 67 69 188 20 166 206 35 86 195 203
233 3 34 166 109 17 131 0 218 165 75 205 219 228 214 110 137 138 139 76 243 53 181 145 156 16 162 73 55 61 196 244 185 86 132 147 92 80 66 135 78 119 180 27 50 12 169 254 250 242 126 26 90 161 194 239 74 88 60 164 48 123 143 63 158 212 99 232 248 9 69 96 30 49 67 192 224 160 2 19 149 178 71 208 240 215 220 226 198 43 56 251 62 163 176 187 245 31 68 182 130 175 105 14 84 174 25 72 116 127 42 122 170 186 4 58 107 117 148 151 153 104 106 46 57 81 103 144 255 85 97 108 111 114 125 129 146 195 20 113 171 246 10
209 154 232 66 106 47 219 28 168 113 24 156 139 128 43 87 227 167 141 222 173 149 242 86 81 185 197 132 22 190 70 52 252 79 119 88 30 143 80 177 146 98 15 204 215 73 161 63 8 120 150 234 225 18 180 140 206 20 245 9 235 17 123 136 169 50 181 195 158 131 71 77 96 97 109 196 202 45 72 236 124 7 78 83 179 182 16 35 48 164 201 217 243 31 115 142 90 205 220 102 147 216 135 233 101 231 32 112 189 105 125 248 91 103 144 159 13 122 42 100 171 61 151 186 40 148 194 254 145 200 211 55 10 62 92 163 37 117 134 176 49 67 183
39 159 98 108 79 199 148 95 84 50 251 5 129 116 128 68 34 186 209 219 227 77 8 176 120 16 99 145 87 44 239 203 83 92 13 30 197 96 132 60 241 62 177 244 93 141 158 130 248 235 249 85 142 214 226 23 49 250 231 32 80 22 66 154 212 37 9 53 75 240 26 69 146 169 183 205 58 105 134 136 1 144 246 91 201 178 255 114 151 166 200 55 74 204 224 46 202 109 72 213 175 41 78 123 191 192 223 18 67 35 153 215 245 38 165 167 218 139 243 10 101 117 230 2 20 164 189 211 110 112 140 216 11 42 122 27 100 174 181 198 253 107 155
